clear_avg_acc_worker
0 0.4167 0.6035 0.6917 0.7093 0.7263 
clear_avg_acc_worker
0 0.3153 0.5892 0.669 0.7084 0.7273 
clear_avg_acc_worker
0 0.4104 0.5943 0.6543 0.6929 0.7174 
clear_avg_acc_worker
0 0.3121 0.5998 0.6522 0.6982 0.7295 0.7384 0.7464 0.7579 0.7638 0.7699 
clear_avg_acc_worker
0 0.4326 0.6037 0.6659 0.7113 0.7214 0.738 0.7385 0.7539 0.757 0.7629 
clear_avg_acc_worker
0 0.3602 0.592 0.6774 0.7055 0.7171 0.7336 0.7511 0.7579 0.7575 0.7709 
clear_avg_acc_worker
0 0.3886 0.6076 0.6572 0.7154 0.7295 0.7343 0.7493 0.7588 0.7602 0.7678 0.7729 0.7761 0.7821 0.7922 0.7906 0.8045 0.8032 0.8089 0.8125 0.8135 
clear_avg_acc_worker
0 0.356 0.5977 0.6734 0.7043 0.7163 0.7349 0.7434 0.7538 0.7578 0.7606 0.7649 0.7733 0.7751 0.7859 0.7916 0.7895 0.7992 0.7964 0.8039 0.8071 
clear_avg_acc_worker
0 0.4411 0.5986 0.6386 0.7096 0.7234 0.7337 0.7427 0.7497 0.7563 0.7617 0.7722 0.7776 0.7782 0.7875 0.7864 0.7914 0.7974 0.7974 0.8051 0.8115 
clear_avg_acc_worker
0 0.4002 0.5948 0.6366 0.7153 0.7234 0.7369 0.7459 0.7539 0.7498 0.755 0.7721 0.773 0.7824 0.7822 0.7905 0.7904 0.7977 0.8055 0.8081 0.8121 
clear_avg_acc_worker
0 0.3917 0.5824 0.6305 0.6971 0.7137 0.7328 0.7424 0.7487 0.7533 0.7649 0.7718 0.7771 0.7847 0.7917 0.7984 0.7983 0.7952 0.8085 0.8131 0.8176 
clear_avg_acc_worker
0 0.4545 0.5908 0.6558 0.7103 0.7233 0.7419 0.7526 0.7604 0.7703 0.779 0.7762 0.7889 0.7973 0.796 0.8047 0.8042 0.8009 0.8121 0.8141 0.8208 
clear_avg_acc_worker
0 0.3575 0.5815 0.6678 0.699 0.7202 0.7319 0.7397 0.7478 0.7538 0.7548 0.7634 0.7588 0.7756 0.7813 0.7826 0.7895 0.7894 0.7953 0.7935 0.8033 
clear_avg_acc_worker
0 0.2869 0.6019 0.6526 0.7149 0.7147 0.7309 0.7445 0.7568 0.7605 0.766 0.7759 0.7892 0.7965 0.7942 0.8068 0.8116 0.8193 0.8196 0.8255 0.8294 
clear_avg_acc_worker
0 0.3018 0.5806 0.6239 0.6669 0.7088 0.7296 0.7434 0.7536 0.7567 0.7688 0.7777 0.7747 0.7893 0.794 0.7976 0.801 0.7988 0.8129 0.816 0.8138 
clear_avg_acc_worker
0 0.2824 0.5658 0.6176 0.6649 0.712 0.7263 0.7345 0.7493 0.7541 0.7618 0.7629 0.765 0.7778 0.7859 0.7887 0.7926 0.7836 0.7957 0.8005 0.8054 
clear_avg_acc_worker
0 0.4756 0.5986 0.6703 0.712 0.7317 0.7391 0.7491 0.7594 0.7692 0.7765 0.7804 0.7874 0.7919 0.7972 0.8046 0.8053 0.8074 0.8115 0.8189 0.8169 
clear_avg_acc_worker
0 0.3967 0.588 0.6429 0.6981 0.7214 0.7352 0.7421 0.7452 0.7559 0.7634 0.7681 0.7688 0.7793 0.7837 0.7856 0.7862 0.7932 0.7955 0.8027 0.7999 
clear_avg_acc_worker
0 0.3959 0.5837 0.6377 0.7072 0.7236 0.7352 0.74 0.7557 0.7599 0.7717 0.7778 0.7758 0.7892 0.7839 0.7977 0.8053 0.8084 0.8185 0.82 0.8264 
clear_avg_acc_worker
0 0.22 0.573 0.6259 0.6945 0.7044 0.7328 0.7388 0.7544 0.7587 0.7678 0.7734 0.7801 0.7839 0.7934 0.7969 0.8046 0.8048 0.8143 0.8138 0.8227 
clear_avg_acc_worker
0 0.2752 0.5936 0.6483 0.7004 0.7218 0.734 0.7484 0.7563 0.7673 0.7712 0.776 0.7776 0.7846 0.7857 0.7928 0.7979 0.805 0.8118 0.8115 0.8202 
clear_avg_acc_worker
0 0.3984 0.6005 0.6871 0.7098 0.7318 0.742 0.7553 0.7644 0.7727 0.7811 0.7893 0.7942 0.7936 0.8018 0.8064 0.8088 0.8067 0.8143 0.8116 0.821 
clear_avg_acc_worker
0 0.1 0.5514 0.6271 0.6959 0.7158 0.7314 0.7528 0.7607 0.7686 0.7734 0.781 0.7853 0.7965 0.7993 0.8006 0.807 0.81 0.8133 0.8185 0.8232 
clear_avg_acc_worker
0 0.2115 0.548 0.6199 0.6684 0.7162 0.732 0.7401 0.7517 0.7605 0.7653 0.7653 0.7777 0.7849 0.7898 0.7929 0.7999 0.8054 0.8136 0.8146 0.8174 
clear_avg_acc_worker
0 0.3485 0.5685 0.6369 0.7031 0.7225 0.7324 0.7408 0.755 0.7585 0.7641 0.7705 0.7779 0.7883 0.7881 0.7908 0.7991 0.8032 0.8053 0.8089 0.8119 
clear_avg_acc_worker
0 0.4322 0.5983 0.6491 0.7024 0.7195 0.7335 0.7391 0.7524 0.7592 0.7637 0.7709 0.7792 0.7846 0.7915 0.7944 0.801 0.7998 0.8077 0.809 0.8158 
clear_avg_acc_worker
0 0.2632 0.5575 0.633 0.6888 0.7144 0.7234 0.7371 0.7403 0.7485 0.7527 0.7665 0.7683 0.7774 0.7864 0.7832 0.7885 0.7947 0.7991 0.8017 0.8011 
clear_avg_acc_worker
0 0.3879 0.5688 0.6162 0.684 0.7078 0.7314 0.7404 0.7463 0.7562 0.7651 0.7675 0.7793 0.7876 0.7922 0.7978 0.8061 0.8082 0.8108 0.8112 0.8205 
clear_avg_acc_worker
0 0.3967 0.5947 0.6741 0.7107 0.7279 0.7418 0.7508 0.7578 0.7616 0.7712 0.7661 0.776 0.7851 0.79 0.7917 0.8005 0.799 0.8085 0.8115 0.818 
clear_avg_acc_worker
0 0.3809 0.5959 0.6557 0.7047 0.724 0.7346 0.7431 0.7538 0.7587 0.7615 0.7696 0.7744 0.7804 0.7878 0.7897 0.7963 0.8033 0.8085 0.8101 0.8172 
clear_avg_acc_worker
0 0.4421 0.5921 0.6603 0.7021 0.7161 0.7325 0.7465 0.7558 0.7611 0.7672 0.7765 0.7842 0.7933 0.7964 0.8008 0.8044 0.8045 0.8106 0.8179 0.8209 
clear_avg_acc_worker
0 0.3958 0.5958 0.6438 0.7066 0.7217 0.7356 0.7473 0.7555 0.7651 0.7765 0.7743 0.7836 0.7894 0.796 0.8085 0.8104 0.8131 0.8227 0.8264 0.8297 
clear_avg_acc_worker
0 0.3361 0.5943 0.664 0.716 0.7132 0.7404 0.7431 0.7557 0.7622 0.772 0.78 0.7862 0.7877 0.7993 0.8011 0.8041 0.8086 0.8148 0.821 0.8177 
clear_avg_acc_worker
0 0.3563 0.5643 0.6466 0.6945 0.7199 0.7333 0.7386 0.7504 0.7637 0.7729 0.7794 0.7799 0.7853 0.792 0.7979 0.8024 0.8047 0.8079 0.81 0.8136 
clear_avg_acc_worker
0 0.3027 0.5971 0.6856 0.7195 0.7269 0.7441 0.7497 0.7588 0.7736 0.7841 0.7889 0.7926 0.7976 0.8009 0.8127 0.8119 0.8209 0.8232 0.8319 0.8311 
clear_avg_acc_worker
0 0.3904 0.592 0.6699 0.702 0.7244 0.7315 0.7412 0.7512 0.7614 0.7676 0.7719 0.7827 0.7867 0.7946 0.7894 0.7972 0.7939 0.8085 0.8079 0.813 
clear_avg_acc_worker
0 0.4064 0.5972 0.6547 0.7085 0.7127 0.7344 0.7448 0.755 0.7597 0.7666 0.7769 0.7817 0.7873 0.7912 0.7979 0.8025 0.8013 0.812 0.8159 0.8162 
clear_avg_acc_worker
0 0.3564 0.5854 0.639 0.7104 0.7234 0.7363 0.7455 0.7598 0.7686 0.7715 0.7799 0.785 0.7857 0.7915 0.8018 0.8006 0.8068 0.8108 0.8167 0.8179 
clear_avg_acc_worker
0 0.4493 0.6025 0.6957 0.7162 0.7266 0.7433 0.7507 0.7618 0.7701 0.7709 0.7783 0.7857 0.7913 0.7954 0.8009 0.8034 0.8065 0.8108 0.815 0.8137 
clear_avg_acc_worker
0 0.0339 0.0042 0.0114 0.01 0.0139 0.0148 0.0172 0.0174 0.0164 0.017 0.019 0.0166 0.0155 0.0148 0.0137 0.0138 0.0121 0.0113 0.0113 0.0099 
clear_avg_acc_worker
0 0.3281 0.568 0.6275 0.6759 0.7093 0.7199 0.7351 0.7425 0.7505 0.7558 0.7591 0.7705 0.773 0.7776 0.7838 0.7864 0.7958 0.7966 0.8094 0.7988 
clear_avg_acc_worker
0 0.341 0.582 0.6319 0.7039 0.717 0.722 0.7354 0.7457 0.7541 0.7551 0.7665 0.7667 0.7733 0.7832 0.7856 0.7933 0.7955 0.8005 0.8033 0.8076 
clear_avg_acc_worker
0 0.0547 0.3955 0.4989 0.6165 0.6641 0.6863 0.6827 0.7007 0.7099 0.7067 0.7116 0.7207 0.7336 0.7425 0.7381 0.7461 0.7503 0.7525 0.7549 0.7634 
clear_avg_acc_worker
0 0.1099 0.5109 0.5979 0.67 0.7053 0.7162 0.73 0.7348 0.7434 0.7484 0.7552 0.7591 0.7626 0.7695 0.7766 0.7779 0.7825 0.7855 0.7903 0.7937 
clear_avg_acc_worker
0 0.2164 0.4935 0.5949 0.673 0.7017 0.7183 0.731 0.7378 0.7441 0.7492 0.754 0.7587 0.7646 0.7699 0.7746 0.7793 0.7814 0.7844 0.7873 0.7907 
###
clear_avg_acc_worker
0 0.1 0.1 0.4706 0.6114 0.6869 0.7035 0.7174 0.7296 0.7381 0.7618 0.7751 0.7823 0.7986 0.8027 0.7999 0.8083 0.8088 0.8106 0.808 0.8117 0.8137 0.8201 0.8184 0.8195 0.8238 0.8253 0.8254 0.829 0.8308 0.832 
clear_avg_acc_worker
0 0.1 0.1 0.4321 0.5932 0.6639 0.7027 0.7083 0.7281 0.7414 0.7615 0.7747 0.779 0.7916 0.7995 0.7974 0.8065 0.8078 0.8067 0.8018 0.8073 0.8063 0.8199 0.8212 0.8243 0.8261 0.8273 0.8276 0.83 0.8312 0.8334 
clear_avg_acc_worker
0 0.1 0.0984 0.2914 0.564 0.6426 0.6389 0.6632 0.6997 0.7122 0.738 0.7401 0.7522 0.7401 0.7276 0.7177 0.7507 0.6885 0.6697 0.6342 0.7822 0.7618 0.7692 0.7678 0.7674 0.7684 0.7678 0.7773 0.7679 0.7565 0.7574 
clear_avg_acc_worker
0 0.1 0.1 0.4321 0.617 0.6823 0.6873 0.7106 0.7142 0.7257 0.7536 0.7684 0.7807 0.7962 0.802 0.8011 0.8083 0.8068 0.8062 0.8001 0.8138 0.7916 0.8149 0.8223 0.828 0.8283 0.828 0.8247 0.8308 0.8308 0.8334 
clear_avg_acc_worker
0 0.1 0.1 0.4038 0.6048 0.683 0.6984 0.7154 0.7247 0.7417 0.766 0.7799 0.7915 0.7975 0.808 0.8036 0.8031 0.8074 0.8063 0.8071 0.8163 0.8115 0.8222 0.8245 0.8287 0.8297 0.8297 0.8325 0.836 0.8334 0.8371 
clear_avg_acc_worker
0 0.1 0.1 0.303 0.5586 0.632 0.672 0.6022 0.6095 0.6224 0.6132 0.624 0.6678 0.6397 0.6309 0.661 0.6118 0.6109 0.6203 0.623 0.6966 0.649 0.6521 0.6667 0.7248 0.6881 0.7053 0.6613 0.6859 0.6308 0.6495 
clear_avg_acc_worker
0 0.1 0.2473 0.5023 0.5927 0.6979 0.7326 0.7418 0.7279 0.4507 0.4215 0.3999 0.4269 0.4332 0.4159 0.4483 0.431 0.4092 0.3856 0.3855 0.3805 
clear_avg_acc_worker
0 0.1 0.2064 0.4792 0.636 0.7028 0.7336 0.7459 0.7469 0.7335 0.7321 0.7414 0.7096 0.7207 0.7212 0.7217 0.7283 0.7341 0.729 0.7378 0.73 
clear_avg_acc_worker
0 0.1 0.2294 0.4721 0.6063 0.6745 0.7062 0.69 0.6496 0.4175 0.2361 0.2058 0.2335 0.2087 0.2099 0.2117 0.2705 0.314 0.3195 0.3595 0.3879 
clear_avg_acc_worker
0 0.1869 0.4715 0.5907 0.6347 0.7056 0.7351 0.7442 0.756 0.7653 0.7739 0.7809 0.7865 0.7901 0.7972 0.8002 0.8028 0.809 0.8105 0.8117 0.817 
clear_avg_acc_worker
0 0.1815 0.5441 0.5974 0.6353 0.6871 0.7307 0.7429 0.7568 0.7677 0.774 0.7789 0.7856 0.7927 0.7991 0.7988 0.804 0.8094 0.809 0.8121 0.8179 
clear_avg_acc_worker
0 0.0266 0.4629 0.5233 0.6085 0.6425 0.6928 0.6932 0.7027 0.7341 0.7314 0.7605 0.7591 0.7335 0.7575 0.7521 0.775 0.7739 0.7485 0.7574 0.7699 
clear_avg_acc_worker
0 0.1 0.516 0.5967 0.6352 0.6969 0.7282 0.7356 0.7492 0.7633 0.7708 0.7772 0.7814 0.7869 0.7927 0.7931 0.8013 0.8059 0.8085 0.8127 0.8162 
clear_avg_acc_worker
0 0.4058 0.5957 0.6413 0.7054 0.7267 0.7318 0.7417 0.7545 0.7586 0.7647 0.7694 0.7705 0.7822 0.7913 0.7894 0.7969 0.8039 0.8048 0.812 0.8141 
clear_avg_acc_worker
0 0.3227 0.6063 0.6727 0.7146 0.727 0.7368 0.7417 0.7552 0.7536 0.7711 0.7763 0.7803 0.7887 0.7886 0.7947 0.7978 0.8074 0.8105 0.8138 0.8067 
clear_avg_acc_worker
0 0.3232 0.5921 0.6523 0.6931 0.7131 0.7309 0.7407 0.7493 0.7576 0.7659 0.7726 0.7768 0.7845 0.7871 0.7952 0.799 0.7971 0.8067 0.8099 0.8123 
clear_avg_acc_worker
0 0.3301 0.5782 0.6208 0.6721 0.7174 0.7346 0.7447 0.7508 0.7625 0.7667 0.7792 0.7818 0.7814 0.7896 0.7862 0.7952 0.8011 0.8041 0.8113 0.8084 
clear_avg_acc_worker
0 0.3716 0.589 0.6545 0.7023 0.7221 0.7368 0.7442 0.752 0.7573 0.7622 0.766 0.775 0.7776 0.7826 0.7817 0.7897 0.7921 0.7984 0.8016 0.8089 
clear_avg_acc_worker
0 0.3614 0.5739 0.6656 0.6953 0.7203 0.7306 0.744 0.7469 0.7528 0.7606 0.7639 0.7764 0.7811 0.7842 0.7873 0.7911 0.7956 0.7981 0.8015 0.8019 
