gaussian
0 0.4059 0.5815 0.6462 0.7052 0.722 0.7312 0.7411 0.7543 0.7634 0.7672 0.7739 0.7862 0.7881 0.7945 0.7968 0.8038 0.7982 0.8098 0.8 0.8168 0.8213 0.8201 0.8243 0.8262 0.8329 0.8331 0.8329 0.838 0.8381 0.8432 
====================gaussian
0 0.2686 0.5919 0.6508 0.6845 0.7023 0.7139 0.7307 0.7365 0.7439 0.7491 0.7541 0.7602 0.7655 0.7654 0.7758 0.7719 0.7803 0.7892 0.7898 0.7861 0.7943 0.7923 0.7981 0.8071 0.8116 0.8121 0.8138 0.8176 0.8195 0.8216 
====================gaussian
0 0.3653 0.5837 0.6385 0.7064 0.7143 0.737 0.7414 0.7511 0.7569 0.7633 0.7741 0.7678 0.7825 0.7921 0.7936 0.8004 0.8068 0.8101 0.8158 0.8191 0.82 0.8261 0.8324 0.8294 0.832 0.8339 0.8352 0.8387 0.8447 0.8437 
====================gaussian
0 0.4294 0.5869 0.6347 0.6894 0.7133 0.7246 0.7353 0.7427 0.7561 0.7553 0.761 0.7681 0.7725 0.7796 0.781 0.7875 0.7837 0.7922 0.7989 0.8019 0.807 0.803 0.8109 0.8201 0.8236 0.8249 0.8273 0.8294 0.8292 0.8341 
====================gaussian
0 0.2238 0.5933 0.6524 0.6876 0.7139 0.727 0.7366 0.7416 0.7494 0.7536 0.763 0.7632 0.7712 0.7757 0.7813 0.7776 0.7909 0.794 0.7985 0.8002 0.8012 0.8049 0.8084 0.8099 0.8167 0.8176 0.8202 0.8262 0.8281 0.8225 
====================gaussian
0 0.2437 0.5847 0.6245 0.6698 0.7072 0.7287 0.7385 0.7502 0.7546 0.7623 0.7677 0.7763 0.7791 0.7831 0.7869 0.7916 0.7774 0.8005 0.8049 0.8065 0.8113 0.8151 0.8201 0.8186 0.8197 0.8248 0.8238 0.8254 0.8272 0.8326 
====================gaussian
0 0.3027 0.5995 0.6422 0.6923 0.7221 0.7288 0.7404 0.7449 0.7536 0.7632 0.765 0.7752 0.7736 0.7812 0.7876 0.7853 0.7986 0.8023 0.8031 0.808 0.8163 0.8203 0.8208 0.8255 0.8265 0.8325 0.8309 0.8339 0.8392 0.8382 
====================gaussian
0 0.3806 0.5797 0.629 0.6806 0.7178 0.7312 0.7397 0.747 0.7616 0.7652 0.7639 0.7773 0.7848 0.7811 0.7893 0.794 0.7999 0.7954 0.8049 0.8055 0.8144 0.8175 0.8181 0.8224 0.8235 0.8248 0.8296 0.8333 0.83 0.8358 
====================gaussian
0 0.1957 0.5852 0.6238 0.6802 0.7073 0.7184 0.7326 0.7348 0.7396 0.749 0.7493 0.7612 0.7733 0.778 0.7809 0.7842 0.7959 0.7941 0.8033 0.8074 0.8109 0.8103 0.8174 0.8217 0.8261 0.8263 0.8286 0.8315 0.831 0.8356 
====================gaussian
0 0.4063 0.6015 0.6365 0.6918 0.7174 0.7292 0.7431 0.754 0.7543 0.7606 0.7708 0.7718 0.7816 0.788 0.7902 0.7952 0.7967 0.7998 0.8014 0.8093 0.8116 0.8145 0.8165 0.8206 0.8199 0.8252 0.8281 0.8277 0.8254 0.8308 
====================gaussian
0 0.2979 0.5766 0.6388 0.6981 0.7128 0.7318 0.7423 0.7527 0.761 0.7615 0.7772 0.7785 0.7859 0.7886 0.7915 0.7964 0.8109 0.8138 0.8149 0.82 0.8105 0.8252 0.8238 0.8251 0.8301 0.8366 0.833 0.8414 0.8467 0.8465 
====================gaussian
0 0.3793 0.5821 0.6462 0.7106 0.7305 0.7339 0.7542 0.7591 0.7663 0.7728 0.7814 0.7825 0.7958 0.7991 0.7982 0.8103 0.8118 0.8148 0.8179 0.8188 0.8252 0.8258 0.8277 0.8313 0.8353 0.8366 0.8355 0.8436 0.8435 0.8452 
====================gaussian
0 0.2652 0.5763 0.6302 0.704 0.7203 0.7287 0.7452 0.7538 0.7559 0.7709 0.7775 0.7764 0.7774 0.7853 0.7934 0.7928 0.7995 0.8028 0.8075 0.8112 0.8131 0.8149 0.8168 0.8248 0.8239 0.8267 0.8299 0.8312 0.8365 0.8357 
====================gaussian
0 0.3009 0.5836 0.6294 0.685 0.7181 0.732 0.7413 0.7494 0.7532 0.7556 0.7679 0.7716 0.7791 0.7876 0.7934 0.794 0.7946 0.7996 0.797 0.8102 0.8131 0.8126 0.8137 0.8171 0.8187 0.8246 0.8268 0.8296 0.8284 0.835 
====================gaussian
0 0.3346 0.5927 0.6524 0.702 0.724 0.7384 0.7442 0.7557 0.7663 0.7724 0.7814 0.7855 0.7944 0.791 0.8064 0.8113 0.8043 0.8141 0.8182 0.821 0.8241 0.8285 0.8304 0.828 0.8331 0.8369 0.8383 0.8409 0.8446 0.8463 
====================gaussian
0 0.369 0.5869 0.6311 0.6881 0.7165 0.7366 0.7374 0.7489 0.7603 0.7682 0.7746 0.7787 0.7835 0.7911 0.7883 0.803 0.803 0.8059 0.8155 0.815 0.8224 0.8218 0.8246 0.8254 0.8318 0.8374 0.8397 0.8407 0.8405 0.8436 
====================gaussian
0 0.3642 0.5844 0.6323 0.6888 0.7119 0.7331 0.735 0.7484 0.7559 0.7653 0.7713 0.776 0.7803 0.7874 0.7907 0.7963 0.8024 0.8023 0.8117 0.8143 0.8175 0.8162 0.826 0.8306 0.8306 0.8339 0.8329 0.8381 0.8368 0.8429 
====================gaussian
0 0.4163 0.5858 0.6223 0.6898 0.7211 0.73 0.7416 0.7437 0.7627 0.7671 0.7729 0.7714 0.7801 0.7892 0.7947 0.7979 0.7876 0.8081 0.8129 0.8162 0.8186 0.8184 0.8258 0.8303 0.8312 0.8353 0.8359 0.8406 0.8404 0.8413 
====================gaussian
0 0.3897 0.5648 0.6462 0.6827 0.7232 0.7301 0.7369 0.7469 0.7573 0.7543 0.767 0.7776 0.7844 0.7812 0.791 0.798 0.804 0.8072 0.8142 0.8121 0.8202 0.8254 0.8262 0.8261 0.8315 0.8297 0.8365 0.8399 0.84 0.8434 
====================gaussian
0 0.3845 0.573 0.6249 0.6877 0.7122 0.7257 0.738 0.7474 0.7534 0.7705 0.7757 0.7841 0.7833 0.7892 0.8066 0.8061 0.8086 0.8167 0.8221 0.8254 0.8293 0.829 0.8351 0.8376 0.8394 0.8438 0.8406 0.8422 0.8471 0.8439 
====================gaussian
0 0.082 0.086 0.108 0.108 0.082 0.082 0.082 0.082 0.082 0.086 0.198 0.166 0.082 0.082 0.09 0.09 0.196 0.306 0.318 0.336 0.424 0.366 0.378 0.404 0.43 0.44 0.44 0.456 0.47 0.474 
====================gaussian
0 0.11 0.098 0.098 0.098 0.12 0.084 0.098 0.098 0.098 0.098 0.098 0.098 0.098 0.098 0.166 0.194 0.288 0.196 0.222 0.266 0.34 0.364 0.382 0.398 0.41 0.422 0.46 0.476 0.492 0.51 
====================gaussian
0 0.108 0.086 0.086 0.086 0.072 0.108 0.086 0.086 0.086 0.12 0.138 0.138 0.24 0.224 0.276 0.328 0.34 0.386 0.364 0.392 0.398 0.446 0.48 0.506 0.508 0.504 0.514 0.522 0.536 0.54 
====================gaussian
0 0.114 0.108 0.104 0.104 0.104 0.104 0.126 0.126 0.104 0.23 0.114 0.138 0.274 0.328 0.452 0.416 0.42 0.45 0.464 0.472 0.5 0.504 0.506 0.514 0.524 0.526 0.536 0.53 0.544 0.55 
====================gaussian
0 0.104 0.092 0.118 0.098 0.116 0.092 0.098 0.098 0.098 0.098 0.116 0.116 0.098 0.17 0.258 0.222 0.284 0.28 0.362 0.354 0.34 0.378 0.382 0.422 0.434 0.468 0.464 0.492 0.526 0.522 
====================gaussian
0 0.098 0.092 0.092 0.126 0.158 0.098 0.092 0.122 0.232 0.122 0.122 0.092 0.19 0.318 0.168 0.178 0.36 0.342 0.364 0.422 0.44 0.448 0.452 0.468 0.478 0.504 0.502 0.524 0.524 0.538 
====================gaussian
0 0.09 0.096 0.1 0.098 0.096 0.096 0.096 0.096 0.096 0.096 0.136 0.102 0.096 0.094 0.308 0.3 0.294 0.306 0.332 0.366 0.388 0.392 0.408 0.43 0.466 0.484 0.498 0.518 0.528 0.528 
====================gaussian
0 0.1 0.09 0.122 0.1 0.1 0.1 0.122 0.188 0.178 0.202 0.202 0.206 0.24 0.212 0.28 0.326 0.356 0.37 0.378 0.372 0.396 0.416 0.432 0.446 0.486 0.508 0.496 0.504 0.498 0.514 
====================gaussian
0 0.088 0.088 0.088 0.108 0.086 0.106 0.17 0.088 0.146 0.086 0.224 0.196 0.216 0.278 0.316 0.336 0.368 0.432 0.426 0.442 0.476 0.482 0.474 0.482 0.506 0.5 0.54 0.538 0.538 0.548 
====================gaussian
0 0.096 0.072 0.114 0.096 0.096 0.096 0.114 0.114 0.096 0.096 0.096 0.096 0.096 0.096 0.096 0.168 0.242 0.318 0.238 0.268 0.286 0.344 0.376 0.398 0.428 0.446 0.478 0.494 0.49 0.522 
====================gaussian
0 0.09 0.1 0.084 0.122 0.1 0.1 0.1 0.124 0.122 0.122 0.1 0.122 0.122 0.13 0.174 0.206 0.188 0.252 0.28 0.288 0.328 0.356 0.388 0.4 0.416 0.432 0.466 0.478 0.5 0.512 0.522 0.516 0.532 0.522 0.532 0.54 0.552 0.566 0.588 0.588 0.568 0.568 0.566 0.574 0.586 0.584 0.572 0.574 0.576 0.58 0.604 0.582 0.592 0.582 0.612 0.588 0.616 0.614 0.616 0.614 
====================gaussian
0 0.098 0.096 0.096 0.096 0.09 0.09 0.096 0.096 0.096 0.12 0.098 0.1 0.096 0.188 0.216 0.238 0.28 0.282 0.27 0.352 0.374 0.38 0.37 0.396 0.47 0.48 0.476 0.496 0.534 0.54 0.56 0.58 0.578 0.584 0.584 0.614 0.62 0.6 0.598 0.604 0.606 0.622 0.624 0.618 0.636 0.626 0.646 0.652 0.64 0.644 0.642 0.652 0.654 0.658 0.656 0.67 0.666 0.658 0.668 0.67 
====================gaussian
0 0.114 0.094 0.098 0.1 0.114 0.072 0.108 0.114 0.114 0.104 0.144 0.208 0.238 0.284 0.334 0.366 0.376 0.38 0.412 0.444 0.454 0.47 0.488 0.488 0.512 0.522 0.532 0.548 0.53 0.536 0.542 0.576 0.578 0.562 0.566 0.576 0.566 0.582 0.588 0.614 0.588 0.588 0.588 0.59 0.598 0.604 0.604 0.606 0.608 0.606 0.62 0.628 0.634 0.632 0.636 0.662 0.644 0.642 0.658 0.652 
====================gaussian
0 0.098 0.098 0.122 0.122 0.092 0.098 0.092 0.122 0.092 0.122 0.122 0.162 0.148 0.222 0.244 0.312 0.298 0.334 0.352 0.396 0.442 0.51 0.498 0.51 0.53 0.544 0.546 0.548 0.56 0.572 0.566 0.572 0.574 0.592 0.588 0.594 0.596 0.596 0.608 0.628 0.626 0.622 0.64 0.63 0.648 0.628 0.656 0.642 0.656 0.66 0.662 0.668 0.666 0.67 0.67 0.682 0.68 0.684 0.686 0.692 
====================gaussian
0 0.098 0.094 0.084 0.098 0.098 0.098 0.098 0.098 0.14 0.132 0.178 0.16 0.172 0.17 0.178 0.2 0.244 0.248 0.268 0.328 0.328 0.378 0.422 0.452 0.43 0.436 0.474 0.496 0.518 0.536 0.544 0.562 0.57 0.58 0.582 0.594 0.594 0.604 0.596 0.598 0.61 0.616 0.614 0.606 0.628 0.62 0.628 0.616 0.628 0.614 0.624 0.636 0.638 0.624 0.642 0.65 0.65 0.642 0.656 0.646 
====================gaussian
0 0.098 0.118 0.092 0.116 0.116 0.116 0.098 0.098 0.116 0.118 0.098 0.098 0.098 0.116 0.18 0.24 0.242 0.246 0.27 0.342 0.37 0.394 0.422 0.468 0.468 0.492 0.518 0.538 0.526 0.538 0.54 0.532 0.554 0.538 0.556 0.55 0.558 0.558 0.582 0.572 0.588 0.548 0.586 0.598 0.612 0.616 0.586 0.59 0.608 0.622 0.62 0.622 0.63 0.632 0.624 0.624 0.65 0.632 0.644 0.642 
====================gaussian
0 0.108 0.086 0.086 0.086 0.108 0.086 0.086 0.108 0.086 0.086 0.086 0.108 0.086 0.086 0.072 0.168 0.218 0.172 0.262 0.276 0.37 0.34 0.316 0.326 0.396 0.404 0.454 0.474 0.504 0.54 0.526 0.53 0.536 0.54 0.544 0.542 0.548 0.548 0.556 0.56 0.558 0.594 0.574 0.572 0.56 0.582 0.578 0.592 0.574 0.58 0.588 0.596 0.602 0.616 0.612 0.63 0.62 0.626 0.614 0.646 
====================gaussian
0 0.082 0.082 0.082 0.09 0.082 0.082 0.108 0.082 0.082 0.082 0.144 0.206 0.098 0.176 0.35 0.358 0.376 0.376 0.378 0.418 0.388 0.394 0.45 0.454 0.44 0.462 0.492 0.504 0.516 0.504 0.52 0.53 0.53 0.534 0.528 0.552 0.566 0.564 0.566 0.564 0.58 0.588 0.582 0.584 0.576 0.592 0.602 0.6 0.61 0.604 0.602 0.6 0.628 0.608 0.604 0.636 0.618 0.634 0.624 0.632 
====================gaussian
0 0.088 0.088 0.088 0.086 0.088 0.088 0.088 0.086 0.086 0.108 0.088 0.088 0.158 0.36 0.272 0.384 0.36 0.396 0.36 0.38 0.43 0.424 0.454 0.476 0.494 0.492 0.516 0.524 0.53 0.542 0.526 0.53 0.552 0.54 0.554 0.564 0.56 0.568 0.552 0.574 0.568 0.58 0.586 0.588 0.58 0.584 0.586 0.598 0.596 0.598 0.608 0.6 0.604 0.604 0.62 0.62 0.606 0.626 0.616 0.62 
====================gaussian
0 0.096 0.114 0.114 0.096 0.096 0.096 0.114 0.096 0.154 0.192 0.228 0.258 0.28 0.318 0.318 0.32 0.34 0.386 0.382 0.366 0.378 0.392 0.446 0.452 0.466 0.474 0.482 0.5 0.544 0.56 0.564 0.57 0.576 0.578 0.588 0.594 0.604 0.596 0.6 0.604 0.612 0.62 0.6 0.624 0.61 0.616 0.618 0.63 0.632 0.62 0.632 0.626 0.626 0.624 0.634 0.646 0.628 0.636 0.65 0.64 
====================gaussian
0 0.114 0.094 0.108 0.104 0.072 0.072 0.172 0.108 0.108 0.098 0.194 0.134 0.224 0.27 0.296 0.358 0.348 0.35 0.346 0.348 0.434 0.46 0.452 0.472 0.5 0.512 0.516 0.506 0.526 0.536 0.536 0.534 0.546 0.542 0.552 0.55 0.57 0.564 0.572 0.57 0.564 0.578 0.568 0.588 0.59 0.576 0.584 0.578 0.592 0.602 0.602 0.606 0.604 0.594 0.592 0.604 0.624 0.6 0.6 0.596 0.606 0.636 0.616 0.632 0.61 0.618 0.622 0.65 0.622 0.632 0.66 0.666 0.634 0.644 0.67 0.68 0.674 0.678 0.67 0.678 0.69 0.688 0.684 0.692 0.7 0.688 0.68 0.698 0.694 0.69 0.7 0.682 0.706 0.69 0.7 0.7 0.706 0.704 0.708 0.696 
====================gaussian
0 0.1 0.106 0.106 0.086 0.088 0.088 0.088 0.088 0.088 0.088 0.088 0.088 0.088 0.088 0.268 0.3 0.322 0.354 0.354 0.406 0.43 0.444 0.484 0.478 0.484 0.514 0.528 0.536 0.534 0.548 0.552 0.562 0.56 0.57 0.57 0.578 0.598 0.586 0.586 0.592 0.596 0.614 0.598 0.608 0.61 0.62 0.608 0.626 0.632 0.638 0.628 0.628 0.626 0.638 0.626 0.638 0.622 0.644 0.656 0.642 0.65 0.652 0.65 0.65 0.646 0.654 0.662 0.656 0.658 0.654 0.66 0.652 0.664 0.666 0.66 0.676 0.666 0.662 0.68 0.67 0.67 0.678 0.682 0.676 0.674 0.692 0.694 0.69 0.69 0.694 0.682 0.708 0.698 0.706 0.696 0.7 0.708 0.71 0.714 0.71 
====================gaussian
0 0.072 0.096 0.096 0.114 0.096 0.096 0.096 0.096 0.096 0.096 0.102 0.208 0.29 0.278 0.272 0.34 0.338 0.354 0.404 0.41 0.402 0.42 0.464 0.464 0.476 0.51 0.518 0.55 0.52 0.558 0.58 0.566 0.586 0.576 0.586 0.6 0.602 0.6 0.61 0.614 0.612 0.61 0.614 0.6 0.62 0.616 0.598 0.624 0.616 0.618 0.622 0.63 0.638 0.618 0.642 0.624 0.646 0.648 0.658 0.646 0.662 0.636 0.666 0.658 0.66 0.662 0.666 0.67 0.664 0.668 0.66 0.676 0.67 0.68 0.672 0.686 0.68 0.68 0.69 0.686 0.686 0.698 0.682 0.692 0.696 0.7 0.69 0.696 0.698 0.696 0.696 0.7 0.7 0.704 0.706 0.7 0.708 0.702 0.706 0.708 
====================gaussian
0 0.116 0.098 0.092 0.092 0.116 0.116 0.116 0.098 0.098 0.092 0.19 0.098 0.126 0.116 0.116 0.214 0.186 0.206 0.254 0.29 0.286 0.298 0.362 0.382 0.408 0.45 0.514 0.518 0.52 0.534 0.552 0.55 0.564 0.542 0.564 0.586 0.546 0.568 0.576 0.584 0.594 0.594 0.594 0.6 0.606 0.6 0.602 0.614 0.604 0.614 0.63 0.644 0.618 0.63 0.62 0.624 0.634 0.644 0.648 0.628 0.662 0.646 0.662 0.66 0.66 0.664 0.678 0.678 0.674 0.674 0.684 0.674 0.676 0.68 0.684 0.678 0.69 0.68 0.688 0.684 0.678 0.682 0.688 0.684 0.682 0.698 0.68 0.692 0.688 0.688 0.704 0.696 0.686 0.708 0.696 0.702 0.702 0.706 0.704 0.712 
====================gaussian
0 0.092 0.092 0.088 0.122 0.122 0.092 0.092 0.098 0.122 0.122 0.092 0.204 0.282 0.38 0.318 0.336 0.39 0.354 0.37 0.422 0.432 0.464 0.486 0.5 0.52 0.53 0.526 0.528 0.57 0.562 0.56 0.572 0.586 0.578 0.582 0.594 0.598 0.598 0.608 0.628 0.608 0.622 0.616 0.626 0.624 0.64 0.628 0.63 0.65 0.672 0.664 0.674 0.668 0.678 0.674 0.684 0.698 0.678 0.702 0.702 0.7 0.7 0.702 0.69 0.71 0.71 0.716 0.722 0.716 0.716 0.724 0.714 0.718 0.718 0.726 0.722 0.724 0.724 0.722 0.73 0.734 0.736 0.722 0.73 0.718 0.74 0.728 0.728 0.734 0.738 0.732 0.728 0.736 0.726 0.738 0.742 0.74 0.742 0.73 0.738 
====================gaussian
0 0.096 0.102 0.098 0.096 0.096 0.09 0.096 0.096 0.096 0.096 0.09 0.098 0.096 0.096 0.142 0.116 0.148 0.334 0.318 0.324 0.332 0.37 0.418 0.428 0.444 0.48 0.514 0.524 0.512 0.534 0.59 0.572 0.578 0.574 0.57 0.602 0.592 0.602 0.598 0.59 0.61 0.604 0.624 0.616 0.618 0.61 0.632 0.63 0.634 0.626 0.626 0.624 0.644 0.644 0.646 0.658 0.64 0.646 0.656 0.662 0.67 0.676 0.686 0.672 0.686 0.696 0.698 0.688 0.684 0.698 0.698 0.682 0.71 0.702 0.706 0.698 0.69 0.716 0.708 0.706 0.708 0.71 0.712 0.716 0.714 0.716 0.706 0.718 0.718 0.714 0.72 0.722 0.722 0.722 0.726 0.716 0.722 0.728 0.726 0.722 
====================gaussian
0 0.11 0.108 0.082 0.082 0.082 0.09 0.086 0.086 0.082 0.082 0.082 0.082 0.148 0.094 0.174 0.134 0.318 0.314 0.362 0.412 0.322 0.4 0.414 0.426 0.43 0.444 0.454 0.472 0.472 0.486 0.514 0.52 0.514 0.516 0.526 0.524 0.542 0.55 0.538 0.556 0.548 0.564 0.564 0.586 0.576 0.562 0.58 0.6 0.602 0.6 0.592 0.62 0.6 0.61 0.62 0.638 0.632 0.61 0.618 0.624 0.644 0.638 0.654 0.644 0.648 0.658 0.628 0.648 0.658 0.664 0.666 0.668 0.67 0.684 0.678 0.674 0.68 0.674 0.698 0.674 0.68 0.69 0.684 0.696 0.682 0.694 0.694 0.69 0.68 0.704 0.698 0.7 0.686 0.706 0.694 0.71 0.704 0.704 0.702 0.692 
====================gaussian
0 0.086 0.086 0.086 0.072 0.108 0.086 0.086 0.086 0.132 0.086 0.086 0.086 0.228 0.192 0.194 0.286 0.328 0.34 0.368 0.38 0.382 0.392 0.458 0.49 0.474 0.474 0.506 0.526 0.546 0.534 0.536 0.548 0.562 0.576 0.566 0.564 0.57 0.568 0.562 0.594 0.566 0.582 0.578 0.572 0.57 0.588 0.584 0.58 0.576 0.582 0.582 0.582 0.596 0.586 0.6 0.582 0.616 0.606 0.622 0.622 0.634 0.62 0.642 0.636 0.65 0.644 0.656 0.656 0.666 0.662 0.668 0.664 0.678 0.674 0.674 0.678 0.682 0.688 0.686 0.68 0.692 0.688 0.69 0.69 0.688 0.678 0.692 0.694 0.69 0.688 0.694 0.704 0.702 0.696 0.698 0.698 0.692 0.696 0.704 0.704 
====================gaussian
0 0.116 0.094 0.106 0.098 0.098 0.098 0.094 0.098 0.098 0.098 0.098 0.098 0.11 0.134 0.154 0.172 0.248 0.286 0.32 0.346 0.36 0.408 0.432 0.46 0.494 0.506 0.552 0.562 0.56 0.574 0.562 0.592 0.606 0.61 0.606 0.606 0.62 0.618 0.624 0.626 0.618 0.634 0.638 0.64 0.65 0.654 0.652 0.64 0.644 0.656 0.656 0.656 0.658 0.672 0.67 0.664 0.678 0.674 0.666 0.682 0.682 0.69 0.698 0.7 0.686 0.708 0.702 0.708 0.716 0.708 0.714 0.71 0.728 0.72 0.726 0.732 0.718 0.744 0.734 0.74 0.73 0.738 0.734 0.74 0.734 0.74 0.744 0.744 0.742 0.748 0.74 0.75 0.746 0.748 0.748 0.746 0.754 0.756 0.75 0.756 
====================gaussian
0 0.122 0.09 0.1 0.1 0.122 0.122 0.09 0.1 0.1 0.1 0.206 0.124 0.182 0.202 0.206 0.242 0.24 0.294 0.332 0.368 0.37 0.402 0.406 0.426 0.452 0.476 0.51 0.496 0.534 0.512 0.568 0.536 0.574 0.566 0.564 0.554 0.572 0.552 0.556 0.576 0.574 0.552 0.56 0.568 0.572 0.57 0.564 0.588 0.574 0.572 0.578 0.586 0.582 0.598 0.59 0.606 0.616 0.616 0.608 0.622 0.628 0.638 0.622 0.642 0.654 0.634 0.648 0.65 0.662 0.68 0.666 0.66 0.658 0.666 0.684 0.686 0.676 0.678 0.678 0.672 0.686 0.698 0.694 0.692 0.696 0.702 0.696 0.694 0.686 0.704 0.682 0.714 0.7 0.704 0.698 0.7 0.71 0.702 0.694 0.724 
====================gaussian
0 0.1 0.1 0.122 0.122 0.1 0.1 0.09 0.122 0.122 0.182 0.104 0.196 0.21 0.21 0.21 0.228 0.214 0.266 0.312 0.344 0.366 0.39 0.392 0.44 0.43 0.438 0.47 0.504 0.528 0.53 0.536 0.556 0.56 0.562 0.572 0.578 0.568 0.576 0.578 0.57 0.598 0.576 0.58 0.59 0.596 0.586 0.596 0.592 0.608 0.602 0.608 0.608 0.614 0.614 0.61 0.604 0.626 0.614 0.634 0.626 0.632 0.634 0.64 0.646 0.65 0.648 0.65 0.656 0.65 0.65 0.66 0.666 0.666 0.668 0.672 0.67 0.668 0.684 0.672 0.674 0.668 0.674 0.672 0.68 0.678 0.694 0.67 0.686 0.668 0.68 0.668 0.68 0.686 0.692 0.678 0.694 0.678 0.69 0.694 0.69 0.692 0.686 0.692 0.698 0.702 0.702 0.692 0.702 0.716 0.692 0.706 0.692 0.72 0.7 0.706 0.716 0.71 0.71 0.714 0.71 0.718 0.716 0.714 0.716 0.702 0.72 0.706 0.716 0.706 0.718 0.708 0.724 0.708 0.712 0.722 0.726 0.72 0.716 0.72 0.728 0.722 0.716 0.722 0.708 0.72 0.728 0.726 0.714 0.724 0.722 
====================gaussian
0 0.072 0.086 0.086 0.072 0.086 0.086 0.122 0.138 0.086 0.208 0.172 0.38 0.23 0.296 0.348 0.374 0.408 0.41 0.408 0.434 0.478 0.49 0.512 0.512 0.516 0.528 0.53 0.538 0.544 0.546 0.546 0.538 0.546 0.558 0.548 0.558 0.566 0.598 0.58 0.558 0.564 0.572 0.572 0.576 0.574 0.57 0.576 0.604 0.582 0.568 0.598 0.59 0.576 0.612 0.568 0.592 0.61 0.618 0.588 0.598 0.622 0.626 0.612 0.626 0.616 0.65 0.636 0.642 0.644 0.652 0.654 0.652 0.656 0.658 0.658 0.668 0.66 0.664 0.666 0.668 0.67 0.67 0.682 0.672 0.678 0.684 0.672 0.676 0.68 0.684 0.686 0.69 0.684 0.692 0.688 0.688 0.692 0.684 0.686 0.686 0.688 0.69 0.692 0.696 0.692 0.694 0.696 0.692 0.7 0.698 0.696 0.7 0.708 0.698 0.7 0.702 0.708 0.702 0.706 0.702 0.7 0.706 0.708 0.706 0.71 0.706 0.714 0.708 0.712 0.71 0.702 0.712 0.72 0.716 0.706 0.72 0.712 0.71 0.714 0.714 0.716 0.712 0.708 0.72 0.716 0.72 0.716 0.724 0.714 0.724 
====================gaussian
0 0.088 0.108 0.108 0.086 0.086 0.088 0.088 0.088 0.088 0.09 0.136 0.16 0.194 0.1 0.3 0.27 0.338 0.378 0.364 0.392 0.428 0.504 0.48 0.484 0.492 0.496 0.516 0.522 0.542 0.528 0.538 0.528 0.54 0.538 0.554 0.558 0.562 0.552 0.57 0.562 0.568 0.582 0.58 0.594 0.584 0.58 0.592 0.604 0.606 0.59 0.608 0.59 0.602 0.6 0.62 0.61 0.608 0.606 0.612 0.604 0.626 0.606 0.618 0.618 0.634 0.63 0.64 0.632 0.636 0.63 0.646 0.648 0.644 0.652 0.64 0.65 0.65 0.654 0.652 0.642 0.654 0.652 0.668 0.67 0.688 0.664 0.662 0.674 0.686 0.676 0.666 0.674 0.696 0.704 0.7 0.678 0.692 0.708 0.706 0.702 0.724 0.704 0.722 0.718 0.708 0.736 0.71 0.722 0.726 0.712 0.718 0.726 0.724 0.732 0.724 0.726 0.716 0.724 0.722 0.726 0.732 0.728 0.728 0.734 0.73 0.72 0.72 0.728 0.73 0.724 0.738 0.726 0.744 0.722 0.742 0.726 0.732 0.734 0.73 0.73 0.722 0.738 0.732 0.738 0.73 0.736 0.74 0.732 0.738 0.744 
====================gaussian
0 0.094 0.104 0.114 0.108 0.072 0.104 0.104 0.104 0.072 0.072 0.142 0.108 0.192 0.114 0.188 0.22 0.286 0.28 0.312 0.322 0.356 0.37 0.416 0.434 0.47 0.478 0.5 0.506 0.512 0.52 0.516 0.52 0.528 0.534 0.552 0.552 0.55 0.552 0.564 0.574 0.58 0.566 0.582 0.59 0.602 0.584 0.58 0.606 0.606 0.598 0.604 0.6 0.602 0.608 0.602 0.61 0.604 0.624 0.614 0.61 0.616 0.628 0.632 0.678 0.672 0.682 0.67 0.684 0.688 0.702 0.676 0.694 0.692 0.684 0.702 0.692 0.696 0.684 0.706 0.696 0.7 0.718 0.688 0.702 0.69 0.706 0.702 0.698 0.714 0.702 0.716 0.72 0.7 0.704 0.702 0.704 0.718 0.71 0.704 0.702 0.69 0.718 0.718 0.712 0.71 0.694 0.712 0.724 0.724 0.696 0.718 0.708 0.718 0.716 0.708 0.71 0.712 0.714 0.72 0.708 0.726 0.716 0.72 0.724 0.72 0.74 0.72 0.726 0.72 0.74 0.738 0.738 0.74 0.712 0.724 0.748 0.74 0.748 0.744 0.75 0.74 0.746 0.75 0.756 0.752 0.756 0.754 0.724 0.756 0.714 
====================gaussian
0 0.122 0.098 0.094 0.092 0.122 0.122 0.122 0.122 0.098 0.092 0.092 0.098 0.122 0.122 0.092 0.092 0.124 0.152 0.242 0.102 0.418 0.332 0.294 0.312 0.312 0.376 0.406 0.462 0.504 0.49 0.534 0.536 0.552 0.556 0.454 0.544 0.516 0.558 0.568 0.554 0.534 0.544 0.572 0.576 0.552 0.554 0.55 0.566 0.566 0.556 0.56 0.578 0.584 0.578 0.578 0.568 0.586 0.58 0.61 0.622 0.588 0.59 0.602 0.61 0.63 0.614 0.61 0.648 0.604 0.636 0.598 0.636 0.64 0.652 0.66 0.646 0.644 0.636 0.64 0.656 0.656 0.67 0.654 0.668 0.648 0.666 0.664 0.672 0.672 0.68 0.672 0.676 0.684 0.674 0.686 0.68 0.682 0.68 0.68 0.666 0.686 0.69 0.684 0.684 0.668 0.692 0.68 0.696 0.704 0.648 0.7 0.68 0.71 0.696 0.698 0.708 0.702 0.708 0.704 0.702 0.712 0.712 0.718 0.708 0.694 0.716 0.714 0.72 0.716 0.718 0.716 0.724 0.722 0.712 0.726 0.706 0.724 0.716 0.718 0.722 0.716 0.724 0.728 0.724 0.73 0.716 0.734 0.728 0.726 0.726 
====================gaussian
0 0.098 0.092 0.116 0.116 0.116 0.116 0.116 0.098 0.098 0.118 0.116 0.142 0.232 0.26 0.244 0.228 0.238 0.252 0.262 0.32 0.378 0.376 0.416 0.464 0.506 0.492 0.534 0.518 0.528 0.542 0.546 0.56 0.544 0.55 0.568 0.594 0.578 0.584 0.582 0.602 0.602 0.596 0.592 0.59 0.598 0.604 0.606 0.608 0.616 0.61 0.616 0.622 0.622 0.616 0.626 0.632 0.642 0.624 0.65 0.612 0.646 0.644 0.642 0.648 0.654 0.644 0.638 0.658 0.648 0.66 0.648 0.656 0.646 0.664 0.656 0.666 0.654 0.66 0.668 0.664 0.666 0.662 0.674 0.664 0.666 0.68 0.664 0.672 0.67 0.678 0.672 0.68 0.676 0.678 0.668 0.684 0.692 0.686 0.678 0.682 0.676 0.7 0.684 0.704 0.7 0.7 0.704 0.696 0.704 0.694 0.702 0.7 0.7 0.692 0.706 0.694 0.704 0.702 0.716 0.7 0.708 0.708 0.71 0.71 0.71 0.718 0.716 0.716 0.72 0.714 0.72 0.72 0.722 0.72 0.722 0.73 0.722 0.726 0.734 0.736 0.726 0.724 0.732 0.722 0.734 0.726 0.736 0.736 0.728 0.728 
====================gaussian
0 0.086 0.082 0.082 0.114 0.086 0.108 0.082 0.082 0.082 0.174 0.166 0.154 0.186 0.214 0.252 0.302 0.318 0.366 0.354 0.332 0.406 0.418 0.432 0.436 0.464 0.49 0.484 0.498 0.502 0.498 0.508 0.514 0.524 0.528 0.522 0.54 0.54 0.566 0.564 0.566 0.554 0.568 0.574 0.6 0.59 0.59 0.598 0.6 0.598 0.592 0.608 0.604 0.614 0.608 0.62 0.62 0.616 0.614 0.63 0.636 0.626 0.632 0.636 0.634 0.66 0.658 0.652 0.654 0.668 0.666 0.67 0.676 0.674 0.66 0.682 0.676 0.688 0.67 0.688 0.692 0.69 0.69 0.688 0.692 0.688 0.694 0.688 0.69 0.706 0.694 0.69 0.698 0.7 0.698 0.7 0.702 0.702 0.698 0.696 0.714 0.712 0.712 0.706 0.724 0.7 0.716 0.712 0.71 0.718 0.708 0.718 0.722 0.708 0.716 0.708 0.706 0.722 0.714 0.71 0.72 0.716 0.714 0.71 0.724 0.72 0.716 0.726 0.722 0.726 0.726 0.73 0.724 0.724 0.726 0.73 0.726 0.726 0.73 0.734 0.736 0.724 0.732 0.736 0.732 0.736 0.738 0.734 0.736 0.734 0.73 
====================gaussian
0 0.106 0.098 0.098 0.088 0.12 0.096 0.096 0.096 0.098 0.098 0.096 0.09 0.1 0.174 0.312 0.292 0.348 0.338 0.378 0.378 0.402 0.432 0.464 0.492 0.53 0.504 0.54 0.548 0.55 0.568 0.554 0.576 0.582 0.598 0.604 0.592 0.608 0.608 0.602 0.616 0.612 0.608 0.62 0.618 0.622 0.624 0.622 0.622 0.62 0.64 0.632 0.634 0.63 0.644 0.636 0.656 0.644 0.65 0.668 0.652 0.676 0.676 0.684 0.682 0.694 0.69 0.692 0.684 0.7 0.698 0.694 0.702 0.702 0.708 0.71 0.708 0.706 0.706 0.712 0.712 0.712 0.72 0.712 0.724 0.722 0.724 0.718 0.736 0.726 0.72 0.73 0.722 0.724 0.734 0.732 0.734 0.73 0.732 0.726 0.724 0.732 0.738 0.734 0.722 0.728 0.732 0.726 0.73 0.73 0.732 0.724 0.724 0.726 0.736 0.74 0.728 0.736 0.726 0.738 0.734 0.724 0.734 0.736 0.726 0.732 0.748 0.722 0.734 0.732 0.734 0.73 0.732 0.74 0.744 0.738 0.744 0.736 0.74 0.742 0.736 0.73 0.74 0.742 0.74 0.748 0.742 0.748 0.738 0.75 0.728 
====================gaussian
0 0.106 0.106 0.098 0.098 0.094 0.098 0.098 0.084 0.084 0.166 0.164 0.098 0.138 0.186 0.19 0.254 0.3 0.346 0.35 0.386 0.418 0.436 0.466 0.494 0.508 0.512 0.53 0.566 0.568 0.562 0.588 0.576 0.604 0.608 0.616 0.596 0.614 0.614 0.62 0.628 0.62 0.62 0.632 0.63 0.63 0.636 0.63 0.634 0.628 0.636 0.636 0.638 0.646 0.642 0.65 0.64 0.654 0.658 0.662 0.668 0.668 0.67 0.664 0.68 0.692 0.676 0.668 0.674 0.7 0.684 0.694 0.698 0.712 0.706 0.694 0.692 0.72 0.714 0.712 0.704 0.726 0.714 0.716 0.724 0.728 0.724 0.732 0.732 0.736 0.728 0.726 0.746 0.74 0.728 0.73 0.738 0.742 0.738 0.746 0.754 0.744 0.736 0.744 0.746 0.75 0.746 0.746 0.756 0.738 0.744 0.75 0.742 0.748 0.746 0.746 0.748 0.746 0.752 0.75 0.75 0.75 0.754 0.754 0.752 0.756 0.756 0.752 0.756 0.754 0.754 0.76 0.752 0.756 0.758 0.754 0.752 0.748 0.754 0.748 0.752 0.76 0.758 0.754 0.76 0.756 0.758 0.758 0.762 0.762 0.758 
====================gaussian
0 0.096 0.072 0.072 0.072 0.096 0.096 0.096 0.114 0.128 0.096 0.114 0.096 0.15 0.158 0.202 0.29 0.374 0.366 0.366 0.374 0.404 0.41 0.416 0.41 0.444 0.454 0.494 0.502 0.496 0.518 0.526 0.554 0.558 0.568 0.572 0.564 0.576 0.582 0.592 0.584 0.618 0.612 0.614 0.618 0.618 0.622 0.63 0.634 0.636 0.63 0.654 0.658 0.668 0.672 0.672 0.664 0.676 0.662 0.674 0.686 0.686 0.682 0.686 0.692 0.69 0.698 0.69 0.698 0.696 0.69 0.704 0.7 0.708 0.694 0.714 0.708 0.712 0.716 0.714 0.714 0.716 0.712 0.714 0.722 0.72 0.712 0.718 0.716 0.716 0.724 0.718 0.72 0.718 0.732 0.724 0.722 0.726 0.726 0.732 0.732 0.724 0.724 0.732 0.736 0.732 0.736 0.738 0.73 0.732 0.74 0.746 0.748 0.74 0.742 0.746 0.74 0.746 0.744 0.748 0.75 0.744 0.75 0.748 0.752 0.75 0.76 0.764 0.754 0.76 0.756 0.76 0.754 0.752 0.762 0.764 0.754 0.764 0.762 0.764 0.76 0.772 0.768 0.762 0.764 0.768 0.764 0.766 0.766 0.77 0.778 
====================gaussian
0 0.3909 0.5952 0.6579 0.7106 0.7205 0.7373 0.7466 0.7583 0.764 0.7701 0.778 0.7803 0.7881 0.7909 0.7961 0.8032 0.8064 0.8094 0.8125 0.8157 0.8214 0.8241 0.8276 0.826 0.8323 0.836 0.8372 0.8395 0.8374 0.8437 
====================gaussian
0 0.3358 0.5894 0.6458 0.6989 0.717 0.7283 0.7347 0.7443 0.7532 0.7596 0.7707 0.7703 0.7822 0.7828 0.7866 0.7946 0.796 0.8036 0.805 0.81 0.817 0.8177 0.8226 0.8232 0.8253 0.8288 0.8299 0.8341 0.8344 0.8375 
====================gaussian
0 0.3696 0.5936 0.6467 0.7044 0.7208 0.7347 0.7369 0.7537 0.7608 0.7662 0.7739 0.7733 0.7856 0.7899 0.7951 0.8034 0.8069 0.812 0.8139 0.8158 0.8213 0.8221 0.8264 0.8269 0.8291 0.8309 0.8325 0.836 0.8343 0.8405 
====================gaussian
0 0.3651 0.5959 0.6353 0.6926 0.7264 0.7364 0.7344 0.7533 0.7585 0.7651 0.7692 0.771 0.7811 0.784 0.7893 0.7969 0.7982 0.8058 0.809 0.812 0.8171 0.8164 0.822 0.8227 0.8253 0.8303 0.8274 0.8341 0.8328 0.8385 
====================gaussian
0 0.4034 0.5978 0.6486 0.7119 0.7264 0.74 0.7421 0.758 0.7636 0.7692 0.7754 0.7736 0.7884 0.7916 0.7965 0.8018 0.8056 0.8119 0.8128 0.8175 0.8222 0.8237 0.8277 0.8263 0.8303 0.833 0.8357 0.8384 0.8381 0.8415 
====================gaussian
0 0.3045 0.5768 0.646 0.6961 0.7245 0.7362 0.7403 0.7546 0.7612 0.7664 0.7743 0.7719 0.7866 0.79 0.7932 0.8028 0.8009 0.8102 0.8158 0.8157 0.8217 0.8222 0.8278 0.8268 0.8324 0.8377 0.834 0.8415 0.8402 0.8428 
====================gaussian
0 0.386 0.6082 0.669 0.7055 0.7194 0.7362 0.736 0.7539 0.7594 0.7646 0.7726 0.7694 0.7811 0.7848 0.7888 0.7963 0.7976 0.8039 0.7993 0.8083 0.8142 0.8159 0.8189 0.8124 0.8199 0.8254 0.8262 0.829 0.8245 0.8309 
====================gaussian
0 0.3046 0.5636 0.6668 0.7 0.7168 0.7292 0.7398 0.7529 0.7644 0.7729 0.7843 0.7867 0.7947 0.8037 0.8026 0.811 0.8117 0.8144 0.8207 0.8211 0.8282 0.8285 0.833 0.831 0.8352 0.839 0.8387 0.8406 0.8364 0.8443 
====================gaussian
0 0.3658 0.5793 0.643 0.7138 0.7275 0.7395 0.7357 0.7568 0.7644 0.7688 0.7778 0.7747 0.7849 0.7882 0.7918 0.7937 0.7995 0.8038 0.8065 0.8133 0.8134 0.8196 0.8229 0.8244 0.8287 0.8306 0.8333 0.8371 0.8377 0.8411 
====================gaussian
0 0.3466 0.5986 0.6606 0.7077 0.7227 0.7361 0.7373 0.7517 0.7549 0.7596 0.7665 0.7663 0.7769 0.7806 0.7836 0.792 0.793 0.7997 0.8033 0.8039 0.8141 0.8137 0.821 0.8232 0.8223 0.8307 0.8262 0.8323 0.8347 0.8345 
====================gaussian
0 0.4085 0.5961 0.6625 0.7075 0.7213 0.7312 0.7369 0.7459 0.7529 0.759 0.7677 0.7729 0.7832 0.7877 0.7911 0.7975 0.8033 0.8075 0.8115 0.8124 0.8189 0.8219 0.8246 0.8245 0.8313 0.8327 0.8341 0.838 0.8358 0.841 
====================gaussian
0 0.4279 0.6007 0.6739 0.7135 0.728 0.7389 0.74 0.7553 0.7596 0.7668 0.7737 0.7701 0.7848 0.7893 0.7956 0.8012 0.7989 0.8101 0.8123 0.815 0.8206 0.8215 0.828 0.8276 0.8305 0.8339 0.834 0.8379 0.8382 0.8408 
====================gaussian
0 0.4101 0.5883 0.6285 0.6764 0.7142 0.7306 0.742 0.7514 0.7565 0.7651 0.7768 0.7737 0.7819 0.7878 0.7909 0.7973 0.8005 0.8073 0.8093 0.8149 0.8186 0.8195 0.829 0.826 0.8319 0.8336 0.8338 0.8375 0.8368 0.8418 
====================gaussian
0 0.3356 0.5856 0.6306 0.6932 0.7164 0.7285 0.7289 0.7475 0.7512 0.7596 0.7666 0.7623 0.7721 0.7795 0.7833 0.7878 0.7856 0.7945 0.7976 0.7965 0.8053 0.8008 0.8112 0.8113 0.8112 0.8178 0.8108 0.82 0.8224 0.8209 
====================gaussian
0 0.2949 0.5743 0.6265 0.6978 0.7218 0.7364 0.7419 0.7534 0.7598 0.7658 0.7756 0.778 0.7874 0.7917 0.7938 0.8027 0.8032 0.8102 0.8092 0.8139 0.8161 0.8169 0.8235 0.8198 0.8243 0.8268 0.8275 0.8337 0.8307 0.836 
====================gaussian
0 0.3406 0.5709 0.6252 0.6806 0.7141 0.7298 0.7246 0.7472 0.7541 0.7584 0.7663 0.7681 0.7782 0.7815 0.7842 0.7893 0.7911 0.7957 0.7971 0.8002 0.8055 0.8047 0.8077 0.8097 0.8134 0.8163 0.8119 0.8177 0.8182 0.8204 
====================gaussian
0 0.3616 0.5964 0.6362 0.6904 0.7142 0.7313 0.7372 0.7494 0.7554 0.7607 0.7672 0.7739 0.7777 0.785 0.7863 0.7924 0.7936 0.7962 0.8002 0.8003 0.8059 0.807 0.8107 0.8108 0.815 0.8215 0.8218 0.826 0.8232 0.8291 
====================gaussian
0 0.3206 0.588 0.6456 0.7097 0.727 0.7401 0.74 0.7576 0.7648 0.7723 0.7809 0.7813 0.791 0.7973 0.802 0.8105 0.8115 0.8176 0.8196 0.822 0.8314 0.8293 0.8359 0.8362 0.8397 0.8432 0.8448 0.8475 0.8471 0.8517 
====================gaussian
0 0.3467 0.5707 0.6285 0.681 0.7073 0.731 0.7365 0.7486 0.7564 0.7602 0.7701 0.7678 0.7826 0.7888 0.7885 0.7965 0.7955 0.8079 0.808 0.8108 0.8175 0.8184 0.8246 0.8245 0.8268 0.8316 0.8326 0.8354 0.8359 0.839 
====================gaussian
0 0.3682 0.5929 0.6428 0.7023 0.7209 0.7333 0.7414 0.7493 0.7563 0.765 0.7733 0.7737 0.7847 0.79 0.7911 0.7996 0.7998 0.8076 0.809 0.8095 0.8169 0.8167 0.8215 0.8244 0.8244 0.8294 0.8282 0.8324 0.8323 0.8352 


====================model_negation
0 0.3469 0.5726 0.629 0.6836 0.721 0.7311 0.738 0.7491 0.7523 0.7602 0.7667 0.7698 0.7792 0.7814 0.7878 0.7932 0.7943 0.8006 0.8049 0.8058 0.8099 0.8132 0.8165 0.8207 0.8224 0.8234 0.8232 0.8271 0.8296 0.8316 
====================model_negation
0 0.386 0.5809 0.6445 0.7036 0.7194 0.734 0.7392 0.7502 0.7577 0.7604 0.77 0.7723 0.7807 0.7845 0.7884 0.7958 0.803 0.8077 0.8115 0.8167 0.8231 0.8201 0.831 0.8279 0.8336 0.8371 0.8335 0.8397 0.8378 0.8424 
====================model_negation
0 0.3152 0.5944 0.6416 0.6958 0.7191 0.7317 0.7338 0.7466 0.7549 0.7592 0.7665 0.769 0.7769 0.7823 0.7853 0.7907 0.7928 0.7997 0.8047 0.8098 0.8153 0.814 0.8189 0.8203 0.8211 0.8242 0.8251 0.8287 0.8285 0.832 
====================model_negation
0 0.3264 0.5878 0.6469 0.6919 0.7211 0.7357 0.7386 0.7496 0.7554 0.7631 0.771 0.7686 0.7832 0.7911 0.7938 0.7988 0.8011 0.8068 0.8089 0.8111 0.8169 0.8197 0.823 0.8233 0.8275 0.83 0.8322 0.8345 0.8324 0.8377 
====================model_negation
0 0.4391 0.6 0.6559 0.7067 0.7229 0.734 0.7402 0.7492 0.7546 0.7628 0.7712 0.7743 0.7789 0.7821 0.7854 0.7901 0.7931 0.7998 0.8041 0.8087 0.8111 0.8142 0.8201 0.8228 0.8242 0.8262 0.8279 0.8318 0.8291 0.8352 
====================model_negation
0 0.3079 0.583 0.6252 0.6879 0.7118 0.7254 0.7267 0.7421 0.7453 0.7546 0.7591 0.7637 0.7717 0.7773 0.7813 0.786 0.7823 0.792 0.8009 0.7969 0.8098 0.8042 0.8149 0.8185 0.8159 0.8232 0.8185 0.8272 0.8274 0.8261 
====================model_negation
0 0.2869 0.5668 0.6359 0.6967 0.7183 0.7282 0.7363 0.7445 0.7526 0.7566 0.7658 0.7638 0.7733 0.7783 0.7813 0.789 0.785 0.799 0.7966 0.8031 0.8051 0.8087 0.816 0.8166 0.8188 0.8237 0.8273 0.8297 0.8297 0.8301 
====================model_negation
0 0.2615 0.5563 0.6267 0.6818 0.7139 0.7289 0.7327 0.7484 0.7552 0.7598 0.7654 0.758 0.7718 0.7799 0.7846 0.7908 0.7842 0.7983 0.8022 0.8045 0.8108 0.8083 0.8174 0.8185 0.8193 0.8268 0.8269 0.8319 0.829 0.8331 
====================model_negation
0 0.3132 0.5874 0.6198 0.6644 0.7077 0.7317 0.7371 0.7503 0.757 0.7592 0.7662 0.7681 0.7782 0.7852 0.7907 0.7946 0.799 0.803 0.8053 0.809 0.8145 0.8136 0.8195 0.8194 0.8197 0.8265 0.8252 0.8299 0.8305 0.8327 
====================model_negation
0 0.3805 0.5821 0.6542 0.7075 0.7248 0.7381 0.7396 0.7502 0.7566 0.7625 0.7696 0.7712 0.781 0.7843 0.7871 0.7949 0.7925 0.8032 0.8061 0.8068 0.8134 0.811 0.8187 0.8225 0.8219 0.8286 0.8257 0.8316 0.8367 0.834 
====================grad_scale
0 0.3394 0.5584 0.617 0.6679 0.7068 0.7246 0.7307 0.7412 0.7474 0.7557 0.7614 0.7644 0.776 0.7766 0.7849 0.7882 0.7915 0.7967 0.7959 0.8008 0.8052 0.8085 0.8119 0.8104 0.8154 0.8201 0.8217 0.8233 0.8201 0.8277 
====================grad_scale
0 0.3275 0.5859 0.6347 0.6876 0.7168 0.7311 0.7329 0.7494 0.757 0.7638 0.7722 0.7745 0.7856 0.7885 0.7921 0.799 0.7995 0.8064 0.8058 0.8069 0.8162 0.8139 0.8203 0.8201 0.8217 0.8251 0.8264 0.83 0.831 0.8319 
====================grad_scale
0 0.3577 0.5838 0.6745 0.7088 0.7228 0.7371 0.7367 0.7486 0.757 0.7642 0.7703 0.7754 0.7805 0.7862 0.7896 0.7941 0.7983 0.8043 0.806 0.8084 0.8134 0.813 0.8182 0.8217 0.8199 0.8263 0.827 0.8318 0.8319 0.8335 
====================grad_scale
0 0.4019 0.5892 0.6297 0.6739 0.7163 0.7326 0.7368 0.7496 0.7555 0.7633 0.7706 0.7695 0.7805 0.7826 0.7877 0.7927 0.7943 0.8004 0.8023 0.8055 0.8106 0.8125 0.8163 0.8155 0.8202 0.8246 0.8245 0.8287 0.8279 0.8333 
====================grad_scale
0 0.4157 0.5739 0.6282 0.6802 0.7082 0.724 0.7325 0.7412 0.7459 0.7529 0.7603 0.7616 0.7682 0.7703 0.7785 0.7831 0.7859 0.7883 0.7909 0.7973 0.8008 0.8037 0.8049 0.8057 0.8101 0.8144 0.8154 0.8211 0.8153 0.8234 
====================grad_scale
0 0.2784 0.5574 0.6287 0.6906 0.7152 0.7319 0.7341 0.7491 0.7545 0.7613 0.7702 0.7687 0.7792 0.7823 0.7849 0.7937 0.7959 0.803 0.8066 0.8076 0.8135 0.8157 0.8212 0.8224 0.8247 0.8285 0.8306 0.8326 0.8332 0.8346 
====================grad_scale
0 0.3741 0.5925 0.6403 0.6913 0.7219 0.7358 0.7393 0.7493 0.7548 0.7605 0.7665 0.769 0.7765 0.7809 0.7839 0.7922 0.7922 0.7994 0.8033 0.8058 0.8141 0.813 0.8191 0.8223 0.822 0.8277 0.8242 0.8328 0.8328 0.834 
====================grad_scale
0 0.3518 0.602 0.67 0.704 0.7191 0.7307 0.7371 0.7465 0.754 0.7581 0.7645 0.7636 0.7757 0.7812 0.7839 0.7911 0.7869 0.8008 0.7995 0.8048 0.8092 0.808 0.8179 0.8169 0.8191 0.8258 0.8239 0.8324 0.8292 0.8321 
====================grad_scale
0 0.441 0.5961 0.6437 0.6947 0.7199 0.7341 0.7397 0.7537 0.7605 0.7661 0.774 0.7692 0.7827 0.784 0.7872 0.7923 0.7952 0.8023 0.8061 0.8091 0.8162 0.8195 0.822 0.8262 0.8278 0.8304 0.8327 0.8362 0.838 0.8399 
====================grad_scale
0 0.3637 0.5837 0.6429 0.7005 0.7168 0.7311 0.7374 0.7479 0.7529 0.7591 0.7669 0.7684 0.773 0.7795 0.7842 0.7891 0.7874 0.7953 0.7988 0.802 0.8064 0.8088 0.8136 0.815 0.8169 0.8215 0.82 0.8256 0.8277 0.8258 
====================Label_Inversion
0 0.4335 0.5829 0.6386 0.7052 0.7245 0.7349 0.7431 0.7535 0.7616 0.7685 0.7778 0.7783 0.788 0.7924 0.7982 0.8039 0.8089 0.8115 0.8153 0.8186 0.8223 0.8237 0.8272 0.8282 0.8298 0.8332 0.8326 0.836 0.8359 0.8403 
====================Label_Inversion
0 0.3073 0.605 0.6389 0.6876 0.7141 0.7334 0.7345 0.7523 0.7549 0.761 0.769 0.7729 0.7789 0.7859 0.7881 0.7938 0.7988 0.8018 0.804 0.8073 0.8129 0.8114 0.8154 0.8142 0.8183 0.8226 0.8226 0.8275 0.8265 0.8286 
====================Label_Inversion
0 0.2721 0.5782 0.6222 0.6826 0.7161 0.7303 0.7336 0.7487 0.7526 0.7602 0.7679 0.7683 0.7788 0.7842 0.7881 0.7955 0.7955 0.8033 0.8065 0.8095 0.8148 0.8165 0.8207 0.8221 0.8239 0.8287 0.8273 0.832 0.8319 0.8342 
====================Label_Inversion
0 0.356 0.5846 0.6445 0.7089 0.7274 0.7388 0.7452 0.7569 0.7631 0.7691 0.7793 0.7837 0.7912 0.7952 0.8001 0.8091 0.8131 0.8177 0.8206 0.823 0.8264 0.8273 0.8309 0.8313 0.8338 0.8353 0.8357 0.8401 0.8432 0.8454 
====================Label_Inversion
0 0.3667 0.5844 0.6474 0.7083 0.7248 0.7341 0.7409 0.755 0.7599 0.7644 0.7773 0.7781 0.7861 0.7915 0.7946 0.8022 0.8044 0.8128 0.816 0.8191 0.8268 0.8257 0.8334 0.8311 0.8344 0.8377 0.8392 0.8436 0.8434 0.8458 
====================Label_Inversion
0 0.3576 0.5928 0.6374 0.705 0.7257 0.7386 0.7441 0.7562 0.7645 0.7711 0.7789 0.7798 0.7887 0.7923 0.7984 0.8064 0.81 0.8124 0.8175 0.8201 0.8248 0.8268 0.8297 0.828 0.8326 0.8348 0.8363 0.8391 0.8387 0.8427 
====================Label_Inversion
0 0.3329 0.5967 0.6556 0.7083 0.7211 0.7347 0.7381 0.7513 0.7575 0.7636 0.7718 0.7733 0.7836 0.7853 0.7917 0.7966 0.7971 0.802 0.8051 0.8086 0.8126 0.8177 0.821 0.8221 0.8268 0.8299 0.8292 0.8339 0.8308 0.8395 
====================Label_Inversion
0 0.3974 0.593 0.6425 0.7114 0.727 0.7398 0.744 0.7548 0.7638 0.773 0.7819 0.7817 0.7886 0.7935 0.7965 0.8031 0.8073 0.8134 0.8191 0.8216 0.8278 0.8284 0.8322 0.8334 0.836 0.8369 0.8376 0.8412 0.842 0.8463 
====================Label_Inversion
0 0.3635 0.6054 0.6636 0.7124 0.7277 0.7365 0.7428 0.7534 0.7611 0.7683 0.7762 0.7796 0.7861 0.7898 0.7935 0.7994 0.8022 0.8059 0.811 0.8107 0.8183 0.8207 0.8239 0.8241 0.8252 0.8298 0.8318 0.8342 0.836 0.8388 
====================Label_Inversion
0 0.3573 0.5758 0.6277 0.6739 0.7047 0.7223 0.729 0.7402 0.7496 0.7576 0.7631 0.7617 0.7747 0.7782 0.7843 0.7904 0.788 0.8017 0.8017 0.8057 0.8133 0.8104 0.8187 0.8161 0.8215 0.825 0.824 0.8295 0.8266 0.8334 
====================gaussian
0 0.4304 0.6089 0.6793 0.7147 0.7283 0.7373 0.7442 0.7536 0.7589 0.7615 0.7731 0.7685 0.7774 0.782 0.7857 0.7903 0.7921 0.798 0.8013 0.8053 0.811 0.8143 0.8196 0.8205 0.824 0.8294 0.8304 0.8345 0.8329 0.8414 
====================gaussian
0 0.4507 0.5915 0.6512 0.6996 0.7185 0.7313 0.7407 0.7458 0.7528 0.7602 0.7679 0.7743 0.7798 0.782 0.7846 0.7906 0.7938 0.7972 0.7979 0.8003 0.8036 0.8097 0.8129 0.8121 0.8143 0.8194 0.8232 0.827 0.8228 0.8284 
====================gaussian
0 0.3961 0.5691 0.6201 0.669 0.6937 0.7232 0.7259 0.7441 0.751 0.7577 0.762 0.761 0.7737 0.7745 0.7826 0.7863 0.7849 0.7932 0.7948 0.7995 0.8053 0.8014 0.8101 0.812 0.8153 0.8202 0.8178 0.8233 0.8256 0.8278 
====================gaussian
0 0.4449 0.5992 0.6664 0.7074 0.7235 0.7376 0.7399 0.7566 0.7617 0.7645 0.7728 0.7718 0.7817 0.786 0.7891 0.7975 0.7977 0.8048 0.8081 0.8077 0.8164 0.8154 0.8214 0.8245 0.827 0.8271 0.8288 0.8338 0.835 0.8387 
====================gaussian
0 0.3513 0.598 0.659 0.701 0.7168 0.7289 0.7279 0.7458 0.7498 0.7538 0.7618 0.756 0.7685 0.7766 0.7798 0.7852 0.7791 0.7905 0.7984 0.7994 0.8057 0.8014 0.8109 0.8128 0.8152 0.818 0.8133 0.8231 0.8246 0.8221 
====================gaussian
0 0.36 0.5817 0.6408 0.6939 0.7164 0.7313 0.7355 0.749 0.7561 0.7584 0.7692 0.7672 0.7776 0.7854 0.788 0.7945 0.7964 0.8035 0.8053 0.8103 0.8163 0.8142 0.8216 0.8215 0.8234 0.8282 0.8264 0.8353 0.8332 0.8383 
====================gaussian
0 0.2928 0.5762 0.6447 0.7019 0.72 0.7352 0.7385 0.7518 0.7586 0.7652 0.7737 0.7778 0.7817 0.7882 0.7891 0.7983 0.8026 0.8067 0.8075 0.8121 0.8176 0.8188 0.8241 0.8241 0.8274 0.8305 0.8293 0.8347 0.8328 0.8351 
====================gaussian
0 0.2941 0.5876 0.6488 0.7037 0.7205 0.7323 0.7253 0.7448 0.7555 0.7597 0.7666 0.7652 0.7764 0.786 0.7886 0.7933 0.7893 0.7989 0.8035 0.8074 0.8088 0.8098 0.817 0.8147 0.8192 0.8258 0.8294 0.8358 0.8325 0.835 
====================gaussian
0 0.365 0.5993 0.6489 0.7003 0.7154 0.7281 0.7282 0.7444 0.7498 0.7568 0.7641 0.7608 0.7718 0.7802 0.7797 0.7893 0.7831 0.796 0.7994 0.7999 0.8106 0.801 0.8166 0.8135 0.8197 0.8244 0.8141 0.8305 0.8258 0.8335 
====================gaussian
0 0.3311 0.6001 0.6574 0.6987 0.716 0.7311 0.7347 0.7473 0.7506 0.7605 0.7667 0.7708 0.7764 0.7802 0.7889 0.7937 0.7913 0.7983 0.8001 0.8048 0.8119 0.8066 0.8134 0.8136 0.8155 0.8195 0.8143 0.822 0.8236 0.8245 
====================grad_scale
0 0.3099 0.5732 0.6227 0.6664 0.719 0.7374 0.7412 0.7532 0.762 0.7669 0.7737 0.7738 0.7833 0.7925 0.7954 0.8005 0.8052 0.8089 0.8113 0.8164 0.8225 0.8228 0.8283 0.8253 0.8329 0.8364 0.8364 0.8388 0.8353 0.8412 
====================grad_scale
0 0.3852 0.5779 0.6482 0.7068 0.7271 0.737 0.7405 0.7534 0.758 0.7629 0.7693 0.7738 0.7818 0.7877 0.7901 0.7947 0.798 0.8034 0.8106 0.8108 0.8142 0.8175 0.8207 0.8241 0.8251 0.8267 0.832 0.8333 0.8356 0.839 
====================grad_scale
0 0.291 0.5752 0.6389 0.6909 0.712 0.7267 0.727 0.7421 0.7463 0.7546 0.7626 0.7643 0.7718 0.7789 0.782 0.7858 0.7867 0.7957 0.7984 0.8015 0.8079 0.806 0.8129 0.8122 0.8169 0.8199 0.8187 0.8216 0.8206 0.8256 
====================grad_scale
0 0.4132 0.5997 0.6478 0.7091 0.725 0.7363 0.7384 0.753 0.7561 0.7643 0.7688 0.7736 0.7798 0.7833 0.7883 0.7907 0.7966 0.8014 0.8043 0.8058 0.8091 0.8118 0.8185 0.8217 0.8194 0.8258 0.8262 0.8292 0.8311 0.8311 
====================grad_scale
0 0.398 0.5854 0.6264 0.6808 0.7118 0.7306 0.7286 0.7454 0.7538 0.7617 0.7665 0.7681 0.7743 0.779 0.784 0.7892 0.7917 0.7979 0.7995 0.8025 0.811 0.8095 0.8143 0.8123 0.8175 0.8246 0.8235 0.8261 0.8238 0.829 
====================grad_scale
0 0.3843 0.6041 0.6587 0.6999 0.7175 0.734 0.7288 0.751 0.7552 0.7633 0.7694 0.7685 0.779 0.7827 0.7879 0.7942 0.7947 0.8034 0.8037 0.8091 0.8139 0.8144 0.818 0.8184 0.8212 0.8261 0.8248 0.8303 0.8275 0.8308 
====================grad_scale
0 0.3215 0.5787 0.6312 0.6961 0.7225 0.7326 0.7388 0.7526 0.7578 0.7665 0.7741 0.7785 0.7875 0.7919 0.7956 0.8029 0.8068 0.8115 0.8139 0.8168 0.8205 0.8227 0.8265 0.827 0.8291 0.8322 0.833 0.8359 0.8357 0.8377 
====================grad_scale
0 0.3699 0.5882 0.6427 0.6996 0.7197 0.7332 0.7327 0.7501 0.7571 0.7626 0.7704 0.7736 0.781 0.7845 0.7893 0.7963 0.7995 0.8058 0.8056 0.8094 0.8166 0.8156 0.8212 0.8208 0.8228 0.8312 0.8272 0.8347 0.8327 0.8373 
====================grad_scale
0 0.3463 0.578 0.6277 0.6884 0.7091 0.7244 0.7263 0.7421 0.7493 0.7586 0.7669 0.7633 0.7722 0.7794 0.7833 0.7932 0.7882 0.7957 0.7986 0.7992 0.8103 0.8036 0.8147 0.8168 0.819 0.8254 0.8186 0.8291 0.8279 0.8312 
====================grad_scale
0 0.3343 0.5675 0.6443 0.6987 0.723 0.7325 0.7319 0.7475 0.7508 0.7588 0.7631 0.764 0.777 0.7814 0.7846 0.7905 0.7884 0.7971 0.8003 0.8021 0.8069 0.8068 0.8139 0.8144 0.8164 0.8203 0.8183 0.825 0.8238 0.8283 
====================model_negation
0 0.3963 0.5439 0.6355 0.6736 0.7055 0.7241 0.7268 0.7398 0.7414 0.748 0.7603 0.756 0.768 0.7695 0.7771 0.7838 0.7796 0.7887 0.7942 0.7956 0.8037 0.7943 0.8057 0.8079 0.8095 0.8157 0.809 0.8189 0.8212 0.8242 
====================model_negation
0 0.319 0.5978 0.6655 0.7042 0.7195 0.7322 0.7398 0.7506 0.7566 0.7628 0.7704 0.7721 0.7801 0.7809 0.787 0.7906 0.7922 0.7987 0.7997 0.8052 0.8087 0.8105 0.8168 0.8132 0.8183 0.8228 0.8229 0.8277 0.823 0.8299 
====================model_negation
0 0.3691 0.5793 0.6531 0.6961 0.7157 0.7283 0.7351 0.7469 0.7531 0.7579 0.7635 0.7663 0.7771 0.781 0.7881 0.7916 0.7958 0.7998 0.8021 0.8053 0.8097 0.8138 0.8164 0.8175 0.8209 0.8249 0.8283 0.8297 0.8297 0.8348 
====================model_negation
0 0.4237 0.5953 0.6385 0.7071 0.7233 0.7378 0.7465 0.7606 0.7638 0.7708 0.7761 0.7785 0.7872 0.7885 0.7931 0.7986 0.8005 0.8049 0.808 0.81 0.816 0.8139 0.8173 0.8219 0.8227 0.8285 0.8229 0.8304 0.8316 0.834 
====================model_negation
0 0.3651 0.5913 0.6398 0.699 0.7227 0.7302 0.7383 0.7526 0.7592 0.7622 0.7739 0.7737 0.7816 0.7897 0.7913 0.7959 0.7984 0.8033 0.8087 0.8116 0.819 0.822 0.826 0.8284 0.8327 0.8354 0.8365 0.8381 0.8409 0.8437 
====================model_negation
0 0.4008 0.5908 0.6379 0.6971 0.7176 0.734 0.7368 0.7503 0.7565 0.7624 0.7703 0.767 0.784 0.7857 0.7897 0.7965 0.7939 0.8049 0.8088 0.8108 0.8147 0.8127 0.8212 0.8231 0.8248 0.8264 0.8234 0.8309 0.8311 0.833 
====================model_negation
0 0.3157 0.5795 0.6446 0.6921 0.714 0.7262 0.7275 0.7419 0.7474 0.7542 0.7607 0.7655 0.7707 0.7789 0.7813 0.7907 0.7892 0.7969 0.8005 0.8015 0.8089 0.8078 0.8121 0.8126 0.8154 0.8195 0.8216 0.8253 0.8264 0.8284 
====================model_negation
0 0.3619 0.5847 0.6418 0.6979 0.7212 0.7349 0.7381 0.7549 0.7608 0.7644 0.7701 0.7728 0.7787 0.7813 0.7856 0.7912 0.7956 0.8017 0.803 0.8071 0.8114 0.8118 0.8163 0.8156 0.8166 0.8213 0.8168 0.8234 0.8251 0.8242 
====================model_negation
0 0.3099 0.5621 0.6264 0.6943 0.7196 0.7304 0.736 0.749 0.7562 0.7632 0.7714 0.7684 0.7826 0.7884 0.7907 0.7986 0.7969 0.8061 0.8084 0.8102 0.8168 0.8152 0.8205 0.8224 0.8234 0.8287 0.8297 0.8327 0.8342 0.835 
====================model_negation
0 0.4201 0.593 0.6592 0.7104 0.7276 0.7372 0.7409 0.7582 0.7622 0.7692 0.7753 0.7766 0.7864 0.7884 0.795 0.804 0.8058 0.8133 0.8171 0.8188 0.8268 0.8262 0.8294 0.8326 0.8294 0.8388 0.836 0.8388 0.8419 0.841 

====================label_inver
0 0.2323 0.569 0.6302 0.6844 0.7097 0.7246 0.733 0.7475 0.7525 0.7624 0.7659 0.7723 0.7778 0.7838 0.7879 0.7971 0.7975 0.8044 0.8062 0.8083 0.8165 0.8169 0.8238 0.8239 0.8273 0.8325 0.8296 0.838 0.8382 0.8364 
====================label_inver
0 0.4158 0.5931 0.6424 0.6968 0.7163 0.7318 0.732 0.7454 0.7518 0.7578 0.7632 0.7679 0.7761 0.7788 0.7826 0.7885 0.7935 0.7985 0.7994 0.8045 0.8094 0.8073 0.814 0.8143 0.817 0.8228 0.8191 0.8254 0.8221 0.8293 
====================label_inver
0 0.4929 0.5974 0.6734 0.7073 0.7235 0.732 0.7379 0.7478 0.7551 0.7555 0.7662 0.7642 0.7742 0.7783 0.7813 0.7881 0.7867 0.795 0.7958 0.8037 0.8076 0.8128 0.8191 0.8201 0.8242 0.8263 0.8297 0.8311 0.832 0.8353 
====================label_inver
0 0.3474 0.5895 0.6453 0.7043 0.7212 0.7329 0.7394 0.7523 0.7613 0.766 0.7751 0.7735 0.7859 0.7913 0.7928 0.8006 0.8011 0.8055 0.8079 0.811 0.8186 0.8161 0.8217 0.8204 0.824 0.8296 0.827 0.8358 0.8304 0.8382 
====================label_inver
0 0.2785 0.5476 0.6231 0.6675 0.6972 0.7217 0.7321 0.7406 0.7483 0.7546 0.7612 0.7635 0.7739 0.7762 0.7841 0.7879 0.7918 0.7969 0.7979 0.7997 0.8062 0.8054 0.8083 0.812 0.8117 0.8158 0.8137 0.8199 0.8224 0.8208 
====================label_inver
0 0.3602 0.5891 0.6556 0.7001 0.7211 0.7308 0.7383 0.7469 0.7541 0.7634 0.7689 0.7728 0.7815 0.7887 0.79 0.7953 0.7975 0.8027 0.8062 0.808 0.8149 0.817 0.8203 0.8214 0.8243 0.8291 0.8277 0.8324 0.8326 0.8352 
====================label_inver
0 0.3515 0.5901 0.6463 0.7032 0.7188 0.7298 0.7361 0.7464 0.7514 0.7587 0.7688 0.7714 0.7806 0.7819 0.7896 0.7944 0.7963 0.8046 0.8053 0.8107 0.8132 0.816 0.8225 0.8232 0.828 0.8272 0.8298 0.8352 0.8358 0.8376 
====================label_inver
0 0.2831 0.5678 0.6605 0.7133 0.7277 0.74 0.7458 0.7578 0.7655 0.7702 0.7799 0.7779 0.7854 0.7918 0.7936 0.799 0.7998 0.8066 0.8125 0.8155 0.822 0.8252 0.8292 0.8325 0.8349 0.837 0.8388 0.8434 0.8427 0.8457 
====================label_inver
0 0.2737 0.5664 0.6315 0.6972 0.7197 0.7339 0.7323 0.75 0.758 0.761 0.7693 0.7693 0.7796 0.7842 0.7895 0.7976 0.8015 0.8085 0.8118 0.8135 0.82 0.8188 0.8231 0.8254 0.8278 0.8307 0.832 0.835 0.8343 0.8376 
====================label_inver
0 0.3819 0.5894 0.6222 0.6746 0.7233 0.7339 0.7395 0.7518 0.758 0.7646 0.7686 0.7733 0.7787 0.7825 0.7864 0.7933 0.7939 0.7995 0.8048 0.8067 0.8107 0.8154 0.821 0.8213 0.8252 0.8295 0.8288 0.8347 0.836 0.8393 
====================

0_byzantine
0 0.4055 0.5983 0.6567 0.7056 0.7207 0.7298 0.7299 0.7457 0.753 0.7561 0.761 0.7678 0.7732 0.78 0.7831 0.7892 0.7924 0.7985 0.795 0.8021 0.808 0.8088 0.8129 0.8144 0.8163 0.8207 0.8212 0.8256 0.8242 0.8264 
====================0_byzantine
0 0.3127 0.5939 0.6347 0.6891 0.7174 0.7313 0.7383 0.7499 0.7556 0.7618 0.7675 0.7712 0.7792 0.7815 0.7861 0.7921 0.7936 0.8018 0.8033 0.8052 0.8103 0.8087 0.8164 0.816 0.8182 0.8229 0.8189 0.827 0.8264 0.8294 
====================0_byzantine
0 0.3391 0.5828 0.6353 0.6944 0.7166 0.7297 0.7297 0.7479 0.7538 0.7604 0.7647 0.7654 0.7745 0.7804 0.7841 0.7892 0.79 0.7965 0.7992 0.8 0.8064 0.8036 0.8124 0.8111 0.8197 0.8233 0.8242 0.828 0.8245 0.8334 
====================0_byzantine
0 0.3191 0.5793 0.6418 0.693 0.7161 0.7297 0.7281 0.7466 0.7497 0.7585 0.7643 0.7603 0.7704 0.7751 0.7803 0.7843 0.7831 0.7908 0.795 0.7994 0.8056 0.8053 0.8081 0.8076 0.8144 0.8199 0.8208 0.823 0.8191 0.8257 
====================0_byzantine
0 0.1995 0.5789 0.6207 0.6877 0.7125 0.7279 0.7317 0.7451 0.7497 0.7564 0.7666 0.7653 0.7791 0.7825 0.786 0.7957 0.7922 0.8031 0.8058 0.8055 0.8153 0.8135 0.8222 0.8202 0.8234 0.8288 0.8277 0.8343 0.8318 0.8365 
====================0_byzantine
0 0.3958 0.5746 0.6293 0.6851 0.7211 0.7357 0.7371 0.7524 0.76 0.7672 0.7775 0.7763 0.785 0.789 0.7936 0.7989 0.8009 0.8061 0.8056 0.809 0.8164 0.8122 0.8198 0.8194 0.8218 0.826 0.8273 0.8304 0.8301 0.8331 
====================0_byzantine
0 0.369 0.6012 0.6714 0.7145 0.7267 0.7388 0.7408 0.7536 0.7642 0.7677 0.7752 0.7735 0.7842 0.7877 0.7898 0.7963 0.8049 0.8085 0.8083 0.8144 0.8196 0.8203 0.8222 0.8215 0.8258 0.8295 0.8319 0.8346 0.8327 0.8369 
====================0_byzantine
0 0.1913 0.5672 0.626 0.6899 0.7192 0.7328 0.7383 0.7526 0.7573 0.7691 0.7751 0.7767 0.7831 0.7902 0.7899 0.7973 0.7974 0.8035 0.807 0.8078 0.8127 0.8135 0.8193 0.8193 0.8213 0.8271 0.8261 0.8298 0.8291 0.8348 
====================0_byzantine
0 0.3627 0.5853 0.6516 0.7022 0.7196 0.7314 0.7408 0.7497 0.7575 0.7624 0.7726 0.7724 0.7829 0.7865 0.7881 0.7964 0.797 0.8051 0.8085 0.809 0.8167 0.8198 0.8219 0.8234 0.826 0.8309 0.8313 0.8319 0.8303 0.8391 
====================0_byzantine
0 0.3008 0.5787 0.6421 0.6933 0.7141 0.7283 0.7324 0.7445 0.7513 0.7554 0.7653 0.7675 0.7765 0.7828 0.7842 0.7936 0.7886 0.7977 0.8007 0.7997 0.8079 0.8019 0.8119 0.8184 0.8164 0.822 0.8202 0.8275 0.8299 0.8323 
====================0_byzantine
0 0.3826 0.5924 0.6608 0.7091 0.7269 0.7369 0.735 0.754 0.7591 0.7649 0.7732 0.7746 0.7823 0.7875 0.7909 0.7966 0.7955 0.8021 0.805 0.8091 0.8154 0.812 0.8203 0.8205 0.8241 0.8281 0.8237 0.8322 0.8318 0.8343 
====================0_byzantine
0 0.32 0.5928 0.6661 0.7073 0.7223 0.7322 0.735 0.7495 0.7557 0.7621 0.7717 0.7656 0.7762 0.7823 0.7858 0.7901 0.7863 0.7949 0.7958 0.7993 0.8052 0.8053 0.8116 0.8126 0.8137 0.8198 0.8223 0.8261 0.8256 0.8287 
====================0_byzantine
0 0.3797 0.5908 0.6276 0.702 0.7231 0.734 0.7391 0.7513 0.7563 0.7659 0.7731 0.7749 0.7792 0.7865 0.7951 0.801 0.8057 0.8076 0.8078 0.8137 0.8206 0.8214 0.8234 0.8255 0.8273 0.8332 0.8301 0.8353 0.8365 0.8384 
====================0_byzantine
0 0.2973 0.5959 0.6486 0.6991 0.7165 0.7313 0.7329 0.7487 0.7535 0.7588 0.765 0.7669 0.7732 0.7783 0.7835 0.7898 0.793 0.7985 0.8017 0.8076 0.816 0.8152 0.8219 0.8253 0.8265 0.8294 0.825 0.8313 0.8334 0.8353 
====================0_byzantine
0 0.3713 0.5733 0.6577 0.7045 0.7215 0.7346 0.7423 0.7507 0.7577 0.7608 0.7707 0.7675 0.7813 0.7824 0.7844 0.7901 0.7883 0.797 0.7989 0.8023 0.8074 0.8103 0.8165 0.8202 0.8224 0.827 0.8291 0.8332 0.8332 0.838 
====================0_byzantine
0 0.3487 0.5747 0.621 0.6566 0.7109 0.727 0.7324 0.7443 0.7536 0.7585 0.7664 0.7674 0.7751 0.7834 0.7881 0.7954 0.7989 0.8016 0.8067 0.8092 0.8132 0.8125 0.8186 0.8204 0.8223 0.8274 0.8238 0.8319 0.8327 0.8329 
====================0_byzantine
0 0.3833 0.5903 0.6423 0.7018 0.7226 0.7327 0.737 0.7504 0.7591 0.7645 0.7717 0.775 0.7838 0.79 0.7947 0.7998 0.803 0.8105 0.8146 0.8178 0.8242 0.8248 0.8283 0.8277 0.8326 0.8333 0.8337 0.8368 0.841 0.8433 
====================0_byzantine
0 0.3641 0.5855 0.644 0.7015 0.7291 0.7399 0.7411 0.7575 0.7648 0.7693 0.7776 0.7784 0.7863 0.7932 0.7951 0.8027 0.8027 0.8135 0.8186 0.8179 0.8253 0.8233 0.8311 0.8322 0.832 0.836 0.8364 0.8398 0.841 0.8419 
====================0_byzantine
0 0.3616 0.5821 0.6369 0.6996 0.7206 0.7303 0.7363 0.7534 0.7586 0.7651 0.7706 0.7715 0.7785 0.7826 0.7871 0.794 0.7966 0.8035 0.8046 0.8099 0.8165 0.8157 0.8201 0.8197 0.8259 0.8279 0.8263 0.8305 0.8336 0.8351 
====================0_byzantine
0 0.4012 0.5946 0.6535 0.7119 0.7243 0.7374 0.7393 0.7525 0.7595 0.7666 0.7762 0.7772 0.7859 0.7895 0.7973 0.8013 0.8052 0.8096 0.8113 0.8185 0.8197 0.8232 0.8246 0.8256 0.8298 0.8351 0.8324 0.8374 0.837 0.8396 
====================
