############## gaussian ################

====================gaussian
0 0.3026 0.5773 0.6389 0.6993 0.7199 0.7318 0.7406 0.7495 0.7566 0.7619 0.7698 0.7699 0.7806 0.7821 0.7834 0.7923 0.789 0.7959 0.7989 0.8001 0.8074 0.8055 0.8122 0.8144 0.8138 0.8192 0.8226 0.8248 0.8279 0.8282 
====================gaussian
0 0.2851 0.5685 0.6389 0.7012 0.7184 0.7321 0.7424 0.753 0.7599 0.7626 0.7727 0.7706 0.7855 0.7917 0.7936 0.8031 0.8057 0.809 0.8124 0.8151 0.8174 0.8188 0.8216 0.8226 0.8238 0.8274 0.8275 0.8305 0.831 0.8333 
====================gaussian
0 0.2963 0.5813 0.6477 0.7017 0.7189 0.7298 0.7383 0.7504 0.7564 0.7609 0.7674 0.7699 0.7792 0.7824 0.788 0.794 0.7953 0.8037 0.8038 0.8087 0.8135 0.8159 0.8206 0.8201 0.8222 0.8273 0.8265 0.8307 0.8305 0.8345 
====================gaussian
0 0.2666 0.5672 0.6283 0.6941 0.7144 0.7285 0.7336 0.7452 0.7525 0.7572 0.7654 0.768 0.7751 0.7789 0.7825 0.7882 0.7877 0.7951 0.798 0.8022 0.8055 0.8064 0.8116 0.814 0.8175 0.8212 0.8257 0.8285 0.8309 0.8329 
====================gaussian
0 0.3449 0.5753 0.6334 0.6941 0.7136 0.7258 0.7347 0.7424 0.7463 0.7558 0.7623 0.7644 0.7716 0.7729 0.7797 0.785 0.7857 0.7923 0.7914 0.7959 0.8009 0.8047 0.8091 0.8069 0.811 0.8191 0.821 0.8222 0.8219 0.8269 
====================gaussian
0 0.3442 0.575 0.6246 0.6801 0.7144 0.7274 0.7366 0.7478 0.7542 0.7609 0.7656 0.7657 0.776 0.779 0.7836 0.7876 0.7873 0.7945 0.797 0.8005 0.8071 0.8056 0.8121 0.8143 0.8164 0.8207 0.8207 0.8241 0.8243 0.8277 
====================gaussian
0 0.2755 0.5733 0.6375 0.6876 0.7115 0.7243 0.7275 0.7422 0.7445 0.7523 0.7576 0.7616 0.7672 0.7741 0.775 0.7801 0.7851 0.789 0.7894 0.7933 0.7999 0.8006 0.8055 0.8059 0.809 0.8164 0.8113 0.8163 0.8166 0.8154 
====================gaussian
0 0.3864 0.5964 0.6478 0.7045 0.7219 0.7304 0.7354 0.7498 0.7534 0.7619 0.7713 0.7635 0.7806 0.7811 0.786 0.7911 0.7918 0.8008 0.8038 0.8056 0.8093 0.8137 0.8147 0.8194 0.8212 0.8273 0.8312 0.8363 0.8335 0.8392 
====================gaussian
0 0.3171 0.5702 0.6341 0.7004 0.7204 0.7336 0.7406 0.7501 0.7566 0.7621 0.7699 0.7683 0.7793 0.7855 0.7897 0.7977 0.8007 0.8071 0.8105 0.8136 0.8201 0.8229 0.8274 0.8305 0.8337 0.8342 0.8336 0.8391 0.8377 0.8424 
====================gaussian
0 0.4014 0.5931 0.6503 0.7002 0.7192 0.7319 0.7396 0.7489 0.7543 0.7635 0.7684 0.7701 0.7764 0.7788 0.7851 0.7904 0.7963 0.8019 0.8017 0.8067 0.8124 0.8206 0.8208 0.8243 0.8277 0.8314 0.8325 0.837 0.8343 0.8413 

====================gaussian
0 0.3133 0.5716 0.6198 0.6824 0.7084 0.7281 0.7348 0.7445 0.7515 0.7563 0.7637 0.7643 0.7717 0.7752 0.7779 0.7822 0.7843 0.7899 0.7921 0.794 0.799 0.7965 0.8024 0.8068 0.8054 0.8109 0.8103 0.8127 0.8149 0.816
====================gaussian
0 0.3375 0.5606 0.6325 0.7018 0.7203 0.7329 0.7398 0.7496 0.7577 0.765 0.7733 0.7744 0.7827 0.7865 0.7917 0.7969 0.7988 0.8046 0.8103 0.8129 0.8162 0.8171 0.8213 0.8227 0.8275 0.8289 0.8307 0.834 0.8344 0.839
====================gaussian
0 0.2835 0.58 0.6444 0.7022 0.7236 0.733 0.7401 0.7498 0.7571 0.7649 0.7703 0.776 0.7888 0.7928 0.7969 0.8034 0.8079 0.8137 0.8163 0.8161 0.8227 0.8219 0.8272 0.826 0.8292 0.833 0.8331 0.8379 0.8374 0.8384
====================gaussian
0 0.3385 0.5631 0.6425 0.6834 0.7131 0.7323 0.743 0.7499 0.7591 0.7678 0.7722 0.7757 0.7846 0.7864 0.7902 0.7951 0.7989 0.8024 0.8048 0.8082 0.8132 0.8197 0.8238 0.8286 0.8318 0.8371 0.8379 0.8414 0.8404 0.8443
====================gaussian
0 0.3593 0.5822 0.6312 0.698 0.7195 0.7309 0.7351 0.7436 0.7495 0.7561 0.7646 0.7634 0.7753 0.7825 0.7849 0.7903 0.792 0.8026 0.8049 0.8069 0.8131 0.8148 0.8181 0.8196 0.8239 0.8293 0.833 0.8345 0.8339 0.8364
====================gaussian
0 0.3061 0.5714 0.6243 0.674 0.7036 0.7202 0.7229 0.7394 0.743 0.753 0.7581 0.7548 0.7652 0.7689 0.7751 0.7781 0.7782 0.7867 0.7907 0.796 0.8001 0.7995 0.8067 0.8076 0.8117 0.8158 0.8139 0.819 0.8199 0.8232
====================gaussian
0 0.2553 0.5402 0.6128 0.6691 0.7057 0.7247 0.7313 0.7415 0.7491 0.7555 0.7657 0.7653 0.7765 0.7794 0.7846 0.7912 0.7939 0.8003 0.8041 0.8096 0.8134 0.8161 0.8192 0.8243 0.8261 0.8305 0.8297 0.837 0.8366 0.8411
====================gaussian
0 0.314 0.5649 0.6283 0.6877 0.7171 0.729 0.7309 0.7427 0.7517 0.7573 0.7646 0.7665 0.7752 0.779 0.7823 0.7897 0.7901 0.7962 0.798 0.8027 0.8053 0.8093 0.8133 0.8161 0.822 0.8234 0.8277 0.8312 0.8346 0.8366
====================gaussian
0 0.3812 0.5953 0.6454 0.701 0.7227 0.7382 0.7401 0.7529 0.7628 0.7663 0.7729 0.7732 0.7791 0.7838 0.7886 0.7924 0.7928 0.7988 0.8 0.8056 0.8095 0.81 0.8141 0.8119 0.8199 0.8213 0.823 0.8252 0.8267 0.8271
====================gaussian
0 0.1001 0.5354 0.6164 0.6914 0.723 0.7346 0.7414 0.7537 0.7596 0.7659 0.7745 0.7738 0.782 0.7857 0.788 0.7917 0.7968 0.8001 0.8029 0.8064 0.8121 0.8161 0.819 0.8176 0.8232 0.8276 0.8293 0.8317 0.8306 0.8366

====================gaussian
0 0.3647 0.5889 0.6344 0.6866 0.7119 0.7264 0.7282 0.7422 0.7493 0.7527 0.7596 0.7523 0.7678 0.7718 0.7755 0.7809 0.7792 0.7902 0.7888 0.7925 0.8025 0.7978 0.8077 0.8073 0.8109 0.8177 0.8122 0.8196 0.8206 0.8218
====================gaussian
0 0.3775 0.5863 0.6474 0.703 0.7216 0.7339 0.7422 0.7509 0.7557 0.7622 0.7694 0.7691 0.7783 0.7838 0.7887 0.7929 0.7955 0.8006 0.8039 0.8086 0.8134 0.8178 0.8198 0.8229 0.8244 0.827 0.8304 0.8304 0.8309 0.8351
====================gaussian
0 0.2924 0.5677 0.624 0.6863 0.7211 0.7342 0.7431 0.7525 0.759 0.7666 0.7722 0.7747 0.7826 0.7868 0.7898 0.7948 0.797 0.8008 0.8051 0.8069 0.8125 0.8154 0.8183 0.819 0.8227 0.8251 0.8262 0.8301 0.83 0.8339
====================gaussian
0 0.3224 0.5617 0.6186 0.6712 0.7048 0.724 0.7303 0.7439 0.7492 0.7567 0.7608 0.7623 0.7693 0.7714 0.7785 0.7812 0.7844 0.7905 0.7922 0.7982 0.8033 0.8056 0.8101 0.8109 0.8141 0.8165 0.8166 0.8215 0.8211 0.8224
====================gaussian
0 0.1098 0.4204 0.6099 0.6639 0.696 0.7094 0.7155 0.7268 0.7332 0.7392 0.7475 0.7464 0.7629 0.7666 0.7719 0.779 0.7785 0.7872 0.7885 0.7939 0.8001 0.7989 0.8043 0.8037 0.8065 0.8111 0.8123 0.8194 0.8172 0.8218
====================gaussian
0 0.2397 0.5516 0.612 0.6659 0.7108 0.7263 0.7348 0.7451 0.7507 0.7573 0.7619 0.7634 0.7736 0.7763 0.7803 0.7865 0.7857 0.7927 0.7965 0.8003 0.8054 0.8083 0.8114 0.8147 0.8132 0.8226 0.8261 0.8292 0.8304 0.8305
====================gaussian
0 0.3245 0.5575 0.6301 0.6894 0.7118 0.7274 0.7245 0.7412 0.7452 0.7522 0.76 0.7542 0.7665 0.774 0.7766 0.7834 0.7819 0.7929 0.7954 0.7982 0.8032 0.8052 0.8117 0.8121 0.8158 0.818 0.8203 0.8217 0.8253 0.8274
====================gaussian
0 0.2152 0.5414 0.6157 0.6773 0.7105 0.7226 0.7305 0.742 0.7474 0.7567 0.7622 0.7622 0.7739 0.7781 0.7831 0.7903 0.7899 0.7946 0.7955 0.799 0.8041 0.8045 0.8098 0.8098 0.8112 0.817 0.8176 0.823 0.8219 0.8231
====================gaussian
0 0.1016 0.5405 0.6125 0.6584 0.7187 0.7313 0.7353 0.7495 0.7564 0.7654 0.7714 0.7731 0.7805 0.7855 0.7911 0.7962 0.7975 0.8043 0.8081 0.8124 0.8166 0.8158 0.8224 0.8235 0.8244 0.8284 0.8237 0.8337 0.83 0.8343
====================gaussian
0 0.3851 0.5949 0.6437 0.6936 0.7208 0.7319 0.7385 0.7483 0.7571 0.7621 0.7673 0.7729 0.7794 0.7829 0.7884 0.7951 0.7953 0.8001 0.8037 0.8038 0.81 0.8154 0.8178 0.8192 0.8208 0.8244 0.8274 0.829 0.8307 0.8309

############## model_negation ################

====================model_negation
0 0.3581 0.5848 0.6323 0.6918 0.7147 0.7268 0.7308 0.7418 0.7485 0.757 0.7631 0.7649 0.775 0.779 0.7805 0.785 0.7836 0.7949 0.794 0.7984 0.8047 0.8027 0.8093 0.8132 0.8141 0.8173 0.8175 0.8206 0.8223 0.8243 
====================model_negation
0 0.3419 0.5615 0.6229 0.6789 0.7116 0.725 0.7333 0.7431 0.7507 0.7569 0.7637 0.7653 0.7725 0.7784 0.7806 0.7892 0.7889 0.7951 0.7992 0.7987 0.8025 0.8068 0.8086 0.8093 0.8117 0.8153 0.8192 0.8235 0.8229 0.8275 
====================model_negation
0 0.3566 0.5884 0.6453 0.7028 0.7229 0.7373 0.7404 0.7557 0.7614 0.7673 0.7751 0.7771 0.7856 0.7859 0.7886 0.7956 0.7948 0.8039 0.8053 0.805 0.8121 0.8117 0.8169 0.8193 0.8185 0.8234 0.8224 0.8251 0.8271 0.8283 
====================model_negation
0 0.3101 0.5755 0.6306 0.6881 0.7159 0.7294 0.735 0.7468 0.7512 0.7593 0.766 0.7647 0.774 0.7772 0.7823 0.7874 0.7877 0.795 0.7979 0.8026 0.8071 0.8057 0.8104 0.8102 0.8158 0.8194 0.8191 0.8224 0.8222 0.8261 
====================model_negation
0 0.3918 0.5949 0.6438 0.6967 0.7179 0.7314 0.7345 0.7476 0.7522 0.7569 0.7622 0.7578 0.7737 0.7781 0.7789 0.784 0.7809 0.7914 0.7937 0.7954 0.8012 0.7971 0.8061 0.8078 0.8101 0.8137 0.813 0.8171 0.8164 0.8174 
====================model_negation
0 0.3177 0.5677 0.6377 0.6843 0.7046 0.7231 0.7331 0.7425 0.748 0.7537 0.7605 0.7634 0.7704 0.7709 0.776 0.7844 0.7835 0.7917 0.7925 0.798 0.8025 0.8066 0.8102 0.8111 0.8148 0.8191 0.8203 0.8227 0.8243 0.8249 
====================model_negation
0 0.3815 0.5788 0.6578 0.707 0.7165 0.731 0.7435 0.7519 0.7575 0.7644 0.7722 0.7737 0.7835 0.7874 0.7882 0.7947 0.8001 0.8042 0.8079 0.811 0.8167 0.8202 0.824 0.8257 0.8274 0.8293 0.8322 0.8338 0.8352 0.8397 
====================model_negation
0 0.3305 0.5699 0.6278 0.6944 0.7103 0.7278 0.7323 0.7444 0.7515 0.755 0.7661 0.762 0.7753 0.7811 0.7822 0.7916 0.7883 0.7978 0.8017 0.8027 0.8092 0.8087 0.8145 0.8136 0.8151 0.821 0.8223 0.8244 0.8234 0.8262 
====================model_negation
0 0.1858 0.5107 0.61 0.6635 0.6877 0.7069 0.7215 0.7308 0.7372 0.7469 0.7502 0.7518 0.7605 0.7629 0.7678 0.7705 0.7672 0.7779 0.7795 0.783 0.7865 0.7837 0.795 0.7922 0.7983 0.802 0.8011 0.8081 0.8059 0.8117 
====================model_negation
0 0.1855 0.5606 0.6198 0.6698 0.7091 0.7288 0.7364 0.7495 0.756 0.7619 0.7676 0.7683 0.7773 0.7847 0.7859 0.7915 0.7933 0.8015 0.8076 0.8075 0.8156 0.818 0.8213 0.8228 0.8273 0.8309 0.8309 0.8327 0.8343 0.8367 

====================model_negation
0 0.4392 0.5972 0.6798 0.7092 0.7224 0.7322 0.7412 0.7521 0.7586 0.7627 0.77 0.774 0.7803 0.7837 0.7899 0.7974 0.8027 0.8078 0.8123 0.8153 0.8198 0.822 0.8259 0.8282 0.8297 0.8316 0.8329 0.8349 0.8348 0.8369
====================model_negation
0 0.367 0.5706 0.6309 0.7048 0.7233 0.7355 0.7422 0.7516 0.7565 0.763 0.7701 0.7732 0.7815 0.7833 0.7873 0.7932 0.796 0.8004 0.806 0.8099 0.813 0.815 0.8198 0.8217 0.8254 0.8251 0.8268 0.83 0.8309 0.8335
====================model_negation
0 0.2996 0.5798 0.6589 0.7099 0.7208 0.7326 0.7441 0.7538 0.7607 0.7663 0.7736 0.7753 0.7831 0.7883 0.7884 0.7963 0.7974 0.8057 0.8085 0.8076 0.8142 0.8176 0.8194 0.8223 0.8263 0.8286 0.8305 0.8317 0.8335 0.837
====================model_negation
0 0.3784 0.5585 0.6382 0.6884 0.7167 0.728 0.7331 0.7426 0.7497 0.7565 0.7658 0.7654 0.7735 0.7749 0.7799 0.7863 0.7852 0.7938 0.7952 0.8018 0.8023 0.8051 0.8066 0.8106 0.8115 0.8163 0.8191 0.8231 0.8246 0.8278
====================model_negation
0 0.4474 0.5921 0.6417 0.7083 0.7235 0.7382 0.7337 0.7527 0.7613 0.7656 0.7738 0.773 0.7817 0.787 0.7872 0.7968 0.7947 0.8025 0.8053 0.8065 0.8151 0.8122 0.8205 0.8244 0.8224 0.8271 0.827 0.831 0.8325 0.8317
====================model_negation
0 0.3128 0.5434 0.6246 0.6904 0.7145 0.7278 0.7337 0.7475 0.7545 0.7622 0.7711 0.7664 0.7803 0.7828 0.7862 0.7936 0.7928 0.8005 0.8011 0.805 0.8107 0.8128 0.818 0.8209 0.8255 0.8296 0.8335 0.8359 0.8388 0.8434
====================model_negation
0 0.3224 0.5908 0.6423 0.6955 0.715 0.7274 0.7302 0.745 0.7477 0.7523 0.761 0.7632 0.7712 0.7749 0.7808 0.787 0.784 0.7927 0.7953 0.7981 0.8054 0.8058 0.8094 0.8118 0.8116 0.8196 0.8201 0.8244 0.8257 0.8244
====================model_negation
0 0.2183 0.5777 0.6547 0.7019 0.7196 0.728 0.7384 0.7515 0.7569 0.7634 0.77 0.7735 0.7826 0.7848 0.7904 0.7965 0.7974 0.8037 0.8072 0.8111 0.814 0.8168 0.82 0.8226 0.8266 0.8293 0.8304 0.8336 0.836 0.8382
====================model_negation
0 0.2869 0.5645 0.6252 0.683 0.7124 0.7282 0.7326 0.7462 0.7511 0.7583 0.7675 0.77 0.7769 0.7792 0.785 0.7904 0.7917 0.7978 0.798 0.8022 0.806 0.8057 0.8119 0.8114 0.8125 0.8165 0.8189 0.8221 0.8206 0.823
====================model_negation
0 0.2879 0.5554 0.6175 0.6996 0.7239 0.7353 0.7439 0.7543 0.7613 0.7687 0.777 0.7759 0.7847 0.7906 0.7924 0.7997 0.8003 0.8044 0.8115 0.8125 0.8192 0.8242 0.827 0.8256 0.8299 0.8332 0.8337 0.8365 0.8362 0.8394

====================model_negation
0 0.3112 0.5621 0.6228 0.6817 0.7161 0.7285 0.7332 0.7463 0.7535 0.7589 0.7649 0.7649 0.7742 0.7793 0.7823 0.7889 0.7887 0.793 0.7961 0.8016 0.8068 0.8086 0.8109 0.8176 0.8183 0.8212 0.8236 0.8262 0.8295 0.8315
====================model_negation
0 0.4295 0.6031 0.6744 0.7103 0.7269 0.7362 0.7445 0.7539 0.7621 0.7681 0.7735 0.7747 0.7846 0.7897 0.7945 0.798 0.8017 0.8062 0.8109 0.8131 0.8168 0.8195 0.8228 0.8251 0.8302 0.8329 0.8337 0.8353 0.8343 0.8388
====================model_negation
0 0.3275 0.5696 0.6275 0.6959 0.7152 0.7285 0.7342 0.7469 0.7534 0.7613 0.7691 0.7699 0.7774 0.7793 0.7863 0.7925 0.7913 0.7983 0.8003 0.8037 0.8096 0.8113 0.8175 0.8167 0.8213 0.8273 0.8271 0.8298 0.8304 0.8317
====================model_negation
0 0.3123 0.5762 0.625 0.6854 0.7138 0.728 0.7319 0.7467 0.7518 0.7586 0.7655 0.7652 0.7744 0.7765 0.7832 0.7873 0.7878 0.7942 0.7996 0.8022 0.8066 0.8082 0.8132 0.8125 0.8189 0.8226 0.8242 0.8269 0.8269 0.8326
====================model_negation
0 0.3863 0.5757 0.6243 0.6629 0.704 0.7258 0.7311 0.7441 0.7511 0.7581 0.7645 0.7644 0.7708 0.7767 0.7795 0.7828 0.7827 0.7914 0.7938 0.7959 0.8033 0.798 0.8112 0.8103 0.8124 0.8187 0.8151 0.8222 0.8209 0.823
====================model_negation
0 0.3593 0.5816 0.6447 0.7091 0.7227 0.7356 0.7376 0.7467 0.7558 0.7605 0.7705 0.7736 0.7804 0.7832 0.7882 0.7933 0.7932 0.802 0.8072 0.8075 0.8135 0.8127 0.8208 0.8227 0.8235 0.8312 0.8298 0.8347 0.832 0.837
====================model_negation
0 0.3104 0.5805 0.6344 0.6989 0.7189 0.7326 0.7398 0.7502 0.7589 0.7615 0.7715 0.768 0.7785 0.7882 0.7908 0.7992 0.8 0.8039 0.8105 0.8114 0.8199 0.8221 0.8247 0.8291 0.8293 0.8329 0.8328 0.8369 0.8375 0.8421
====================model_negation
0 0.3836 0.5659 0.6184 0.6855 0.7203 0.7341 0.7328 0.7507 0.7554 0.762 0.7677 0.7635 0.7755 0.7813 0.782 0.7887 0.7823 0.7934 0.7977 0.7983 0.8054 0.8023 0.8099 0.8107 0.8129 0.8164 0.812 0.819 0.819 0.8215
====================model_negation
0 0.2876 0.5527 0.6228 0.6971 0.7225 0.7347 0.7367 0.7526 0.7553 0.761 0.7679 0.7682 0.7804 0.7838 0.7857 0.794 0.7946 0.8014 0.8027 0.8055 0.8087 0.8106 0.8145 0.8133 0.8182 0.8197 0.8206 0.8247 0.824 0.8272
====================model_negation
0 0.3216 0.578 0.63 0.6929 0.7212 0.7348 0.737 0.7522 0.7567 0.7607 0.7694 0.7717 0.7789 0.7836 0.788 0.7949 0.801 0.8013 0.803 0.8092 0.813 0.8165 0.8203 0.822 0.8262 0.8278 0.831 0.8315 0.832 0.835

############## grad_scale ################

====================grad_scale
0 0.2872 0.5835 0.6402 0.7046 0.7252 0.7375 0.7368 0.753 0.7555 0.7639 0.772 0.7681 0.7817 0.7856 0.7865 0.793 0.7903 0.7988 0.8026 0.8037 0.8106 0.8088 0.8164 0.8186 0.8202 0.824 0.8243 0.8295 0.8265 0.8318 
====================grad_scale
0 0.2769 0.5509 0.6193 0.6727 0.712 0.7279 0.735 0.7463 0.752 0.7622 0.7674 0.7652 0.7794 0.7807 0.7857 0.7906 0.7906 0.7998 0.8029 0.8059 0.8121 0.8119 0.8191 0.821 0.8224 0.8263 0.8239 0.8312 0.8327 0.8341 
====================grad_scale
0 0.3341 0.5702 0.6349 0.6864 0.7146 0.7269 0.7338 0.7464 0.7503 0.7596 0.7672 0.7659 0.7799 0.7848 0.79 0.7952 0.796 0.8017 0.8046 0.8082 0.8122 0.8142 0.8163 0.8162 0.8193 0.8232 0.8232 0.826 0.8251 0.8297 
====================grad_scale
0 0.2694 0.5633 0.6194 0.6781 0.7097 0.7264 0.7325 0.7435 0.7481 0.7573 0.7616 0.7616 0.771 0.7742 0.7802 0.7883 0.7858 0.7949 0.796 0.7974 0.8054 0.7998 0.81 0.8138 0.8099 0.8185 0.8168 0.8213 0.8252 0.8244 
====================grad_scale
0 0.4296 0.6032 0.6671 0.7095 0.7253 0.7334 0.734 0.7502 0.7576 0.7604 0.7661 0.7658 0.776 0.7839 0.7881 0.7958 0.793 0.8034 0.8042 0.8074 0.8149 0.8124 0.8196 0.8212 0.8252 0.8284 0.8292 0.8341 0.8303 0.8359 
====================grad_scale
0 0.1 0.5636 0.6341 0.7048 0.7264 0.7381 0.7449 0.7534 0.7609 0.7641 0.7743 0.7704 0.7801 0.7905 0.7912 0.7986 0.7988 0.8041 0.8084 0.8104 0.8211 0.8194 0.8229 0.8255 0.8253 0.8321 0.8303 0.834 0.8371 0.8368 
====================grad_scale
0 0.283 0.5633 0.6327 0.6946 0.721 0.7341 0.7396 0.7502 0.7568 0.7635 0.7708 0.7682 0.7814 0.7877 0.7909 0.7988 0.7984 0.8065 0.8068 0.8137 0.8178 0.8199 0.8252 0.8255 0.8292 0.8321 0.8346 0.8382 0.8357 0.8428 
====================grad_scale
0 0.3862 0.5772 0.6204 0.6769 0.7221 0.7338 0.742 0.7534 0.761 0.7633 0.7739 0.7725 0.7834 0.7933 0.7948 0.802 0.8045 0.8163 0.8229 0.8253 0.8318 0.8321 0.8379 0.8399 0.8431 0.8473 0.8466 0.8496 0.848 0.8537 
====================grad_scale
0 0.3107 0.5735 0.6435 0.6946 0.7124 0.7266 0.7343 0.7448 0.7474 0.7566 0.7599 0.7617 0.7697 0.7741 0.7773 0.7839 0.7814 0.7905 0.7933 0.7947 0.8032 0.8026 0.8107 0.8101 0.8102 0.8175 0.8166 0.8197 0.8213 0.8215 
====================grad_scale
0 0.3277 0.5903 0.6648 0.7066 0.723 0.7338 0.741 0.7518 0.7559 0.7626 0.7711 0.7684 0.7795 0.7825 0.7893 0.7943 0.792 0.8043 0.8062 0.8121 0.8163 0.8192 0.8231 0.8182 0.8283 0.8312 0.8277 0.8344 0.8312 0.838 

====================grad_scale
0 0.1948 0.5808 0.6283 0.6734 0.7106 0.7321 0.7364 0.7472 0.7527 0.7599 0.7691 0.765 0.7749 0.7814 0.7836 0.7912 0.7873 0.7976 0.8022 0.8024 0.8103 0.8062 0.8131 0.816 0.8147 0.8199 0.8202 0.8258 0.824 0.8265
====================grad_scale
0 0.3843 0.5775 0.6426 0.69 0.7153 0.7317 0.7328 0.7456 0.7507 0.7567 0.7648 0.7654 0.7746 0.7783 0.7834 0.7888 0.7916 0.7979 0.8007 0.8055 0.8139 0.8107 0.8165 0.8205 0.8209 0.8276 0.8268 0.83 0.8313 0.8341
====================grad_scale
0 0.3986 0.5907 0.6572 0.6964 0.7133 0.7273 0.7364 0.7449 0.7514 0.7594 0.7672 0.7687 0.7803 0.7842 0.7907 0.8007 0.7996 0.8091 0.8104 0.8137 0.8171 0.8183 0.8229 0.8204 0.8277 0.8275 0.8278 0.8328 0.8297 0.8359
====================grad_scale
0 0.1032 0.5479 0.6183 0.6699 0.7178 0.7332 0.7368 0.7515 0.7592 0.7618 0.7701 0.768 0.7783 0.7857 0.7896 0.7985 0.7976 0.8047 0.8075 0.8107 0.8155 0.8188 0.8222 0.825 0.8265 0.8313 0.829 0.8363 0.833 0.8383
====================grad_scale
0 0.2913 0.568 0.6236 0.6728 0.7118 0.7276 0.7311 0.7464 0.7518 0.7591 0.7666 0.7684 0.7746 0.7808 0.784 0.7914 0.7938 0.7987 0.8031 0.8039 0.8107 0.8109 0.8147 0.8163 0.8194 0.8228 0.8219 0.8259 0.8267 0.8297
====================grad_scale
0 0.3129 0.5968 0.6451 0.6912 0.7109 0.7269 0.7352 0.7472 0.7531 0.7603 0.7636 0.7663 0.7737 0.7773 0.7835 0.7891 0.7916 0.8007 0.7998 0.801 0.8104 0.8073 0.8143 0.8116 0.8144 0.8219 0.8188 0.8238 0.8258 0.8288
====================grad_scale
0 0.2706 0.5611 0.6223 0.6734 0.7171 0.7339 0.7358 0.7529 0.7583 0.7651 0.7718 0.7698 0.7806 0.7853 0.7896 0.7945 0.7938 0.8012 0.8012 0.8042 0.8117 0.815 0.821 0.824 0.8283 0.8327 0.8303 0.8373 0.8328 0.8405
====================grad_scale
0 0.3765 0.5769 0.6288 0.6836 0.7197 0.7307 0.7353 0.7483 0.7543 0.7611 0.7723 0.7707 0.7823 0.7928 0.7951 0.803 0.8036 0.8071 0.8132 0.8174 0.8248 0.8257 0.8315 0.831 0.8375 0.8408 0.8379 0.8449 0.8423 0.8455
====================grad_scale
0 0.3377 0.5752 0.6227 0.6817 0.7172 0.7317 0.7391 0.7481 0.7588 0.7644 0.7753 0.7743 0.7843 0.7912 0.7931 0.8015 0.8015 0.8065 0.8086 0.814 0.8191 0.8206 0.8256 0.8255 0.829 0.8337 0.8352 0.8386 0.8357 0.8424
====================grad_scale
0 0.4169 0.5917 0.6548 0.7024 0.7179 0.734 0.7334 0.7491 0.7585 0.7639 0.7734 0.7699 0.7827 0.7869 0.7883 0.7949 0.7932 0.8028 0.8068 0.809 0.8135 0.813 0.8174 0.821 0.8243 0.827 0.8262 0.8306 0.832 0.8354

====================grad_scale
0 0.4613 0.6001 0.638 0.6957 0.7268 0.7383 0.7361 0.7512 0.7607 0.7644 0.7735 0.776 0.783 0.7841 0.7905 0.797 0.8018 0.8031 0.8093 0.8128 0.8197 0.8219 0.8268 0.8265 0.8295 0.8335 0.8344 0.837 0.8359 0.8416
====================grad_scale
0 0.1 0.5542 0.6189 0.675 0.7085 0.7268 0.7342 0.7463 0.7496 0.757 0.7631 0.7645 0.7758 0.7801 0.7851 0.7927 0.7941 0.8017 0.801 0.8052 0.8146 0.8156 0.8199 0.8193 0.8223 0.8266 0.8277 0.8317 0.8294 0.8342
====================grad_scale
0 0.3782 0.586 0.654 0.7036 0.7227 0.7357 0.7422 0.7551 0.7603 0.7669 0.7766 0.7731 0.7855 0.7911 0.7937 0.7981 0.8033 0.8083 0.8139 0.8154 0.8216 0.8226 0.8275 0.8275 0.8316 0.8361 0.8366 0.8414 0.8409 0.845
====================grad_scale
0 0.1297 0.542 0.6085 0.6566 0.707 0.7276 0.739 0.7492 0.7563 0.7614 0.7724 0.7718 0.7807 0.7842 0.7896 0.7957 0.7966 0.8006 0.8047 0.8043 0.8129 0.8123 0.8176 0.8177 0.8204 0.8263 0.823 0.8277 0.8323 0.8311
====================grad_scale
0 0.3558 0.5662 0.6407 0.6966 0.7159 0.7277 0.7316 0.748 0.7514 0.7614 0.7702 0.776 0.7846 0.789 0.7923 0.801 0.8002 0.8095 0.8122 0.8138 0.8211 0.8152 0.8233 0.8259 0.8269 0.8291 0.8263 0.8316 0.8312 0.8319
====================grad_scale
0 0.4104 0.597 0.6739 0.7065 0.7267 0.74 0.746 0.7604 0.7668 0.7714 0.7769 0.7789 0.789 0.7946 0.7975 0.8037 0.8071 0.8131 0.8146 0.8206 0.8229 0.8249 0.8291 0.8274 0.8342 0.8352 0.8369 0.8415 0.839 0.8438
====================grad_scale
0 0.2862 0.5781 0.628 0.6829 0.7135 0.7272 0.7342 0.7451 0.7497 0.7601 0.7677 0.7684 0.7807 0.7865 0.7899 0.7966 0.7965 0.8041 0.8053 0.8109 0.8183 0.8173 0.8219 0.8209 0.8249 0.8286 0.8292 0.834 0.831 0.8368
====================grad_scale
0 0.259 0.5624 0.6412 0.6984 0.7235 0.7345 0.7394 0.7524 0.7616 0.7649 0.772 0.7711 0.7824 0.7872 0.7888 0.7978 0.8025 0.8105 0.8124 0.8169 0.8203 0.8209 0.8257 0.8285 0.8315 0.8354 0.8359 0.8394 0.8409 0.8423
====================grad_scale
0 0.2419 0.5714 0.6366 0.6985 0.7226 0.7359 0.7348 0.753 0.7554 0.7616 0.7679 0.7681 0.7774 0.7811 0.7875 0.7941 0.7996 0.8077 0.8013 0.814 0.8212 0.8198 0.8235 0.8247 0.8272 0.8315 0.8297 0.8334 0.8348 0.8355
====================grad_scale
0 0.3227 0.5874 0.6389 0.6892 0.7125 0.727 0.7304 0.7443 0.7475 0.7558 0.7649 0.7641 0.777 0.7832 0.7857 0.7931 0.7974 0.8019 0.8027 0.809 0.8136 0.8147 0.817 0.8173 0.8197 0.8247 0.8244 0.8277 0.8284 0.8309

############## label_inverse ################

====================label_inverse
0 0.3883 0.5941 0.6538 0.6975 0.719 0.7302 0.7345 0.7437 0.7497 0.757 0.7629 0.7651 0.7785 0.7803 0.7867 0.7926 0.7938 0.7994 0.8018 0.806 0.809 0.8112 0.8135 0.8144 0.8188 0.822 0.8257 0.826 0.8247 0.8296
====================label_inverse
0 0.349 0.5814 0.6362 0.6975 0.7194 0.7336 0.7387 0.7482 0.7537 0.7601 0.7685 0.7675 0.7761 0.7813 0.7845 0.7912 0.792 0.802 0.8038 0.8087 0.813 0.811 0.819 0.8227 0.8236 0.8271 0.822 0.8297 0.836 0.833
====================label_inverse
0 0.3582 0.5692 0.6377 0.6916 0.7156 0.7261 0.7347 0.7467 0.7561 0.7575 0.7698 0.7664 0.7775 0.7828 0.7814 0.7904 0.7907 0.7983 0.8004 0.8033 0.81 0.8112 0.8144 0.8135 0.8174 0.8191 0.8225 0.825 0.8241 0.8238
====================label_inverse
0 0.2845 0.562 0.6159 0.6588 0.7004 0.7224 0.7284 0.7382 0.746 0.7535 0.7584 0.7623 0.7695 0.7737 0.7776 0.7821 0.7818 0.7883 0.7902 0.7963 0.8002 0.7971 0.8059 0.8079 0.8068 0.8128 0.8082 0.8153 0.8136 0.8169
====================label_inverse
0 0.2703 0.5623 0.6314 0.6993 0.7226 0.7352 0.7391 0.7509 0.7561 0.7609 0.7683 0.7709 0.7794 0.7815 0.7858 0.7937 0.7952 0.8014 0.8032 0.8073 0.8126 0.819 0.8216 0.8239 0.8276 0.8299 0.8316 0.8348 0.8358 0.8385
====================label_inverse
0 0.0764 0.0101 0.0078 0.0105 0.0122 0.0131 0.0135 0.0149 0.0153 0.016 0.0156 0.0152 0.0147 0.013 0.0134 0.012 0.0119 0.0116 0.0112 0.0112 0.0108 0.0112 0.0097 0.0099 0.0101 0.0099 0.0101 0.0089 0.0091 0.0095
====================label_inverse
0 0.361 0.5859 0.6205 0.6718 0.7152 0.7323 0.7364 0.7439 0.7479 0.7544 0.7607 0.7591 0.7702 0.7762 0.7798 0.7854 0.7834 0.7923 0.7974 0.7998 0.8048 0.8004 0.814 0.8155 0.8169 0.8215 0.8181 0.8263 0.8281 0.8273
====================label_inverse
0 0.0066 0.0096 0.0088 0.0114 0.0129 0.0129 0.012 0.0137 0.0146 0.0157 0.0152 0.0157 0.0143 0.0142 0.0141 0.0128 0.0129 0.0119 0.0119 0.0118 0.0105 0.0105 0.0097 0.0094 0.0091 0.0083 0.0086 0.0081 0.0082 0.0076
====================label_inverse
0 0.3603 0.5675 0.6329 0.6937 0.7168 0.7288 0.7331 0.7489 0.7533 0.7577 0.7648 0.765 0.7752 0.7779 0.7813 0.7862 0.7847 0.7916 0.7965 0.8009 0.8053 0.8021 0.8103 0.8136 0.8166 0.8196 0.8178 0.8238 0.826 0.828
====================label_inverse
0 0.2943 0.5604 0.6186 0.6747 0.7172 0.7291 0.7377 0.7479 0.7557 0.7608 0.7675 0.7669 0.7768 0.7857 0.7872 0.7925 0.7928 0.7968 0.8038 0.8028 0.8095 0.8091 0.8157 0.8212 0.8198 0.8252 0.8254 0.8293 0.8304 0.8325
====================

====================label_inverse
0 0.4233 0.5724 0.6242 0.675 0.7122 0.7278 0.7318 0.7464 0.7501 0.7548 0.7619 0.7587 0.7703 0.7751 0.7758 0.7835 0.7813 0.7919 0.7955 0.7945 0.8011 0.7986 0.8059 0.8077 0.8119 0.8167 0.8158 0.8192 0.8191 0.8229 
====================label_inverse
0 0.3594 0.5821 0.6326 0.6894 0.7141 0.7298 0.7358 0.7464 0.7537 0.7594 0.763 0.7643 0.7721 0.779 0.7777 0.7848 0.7844 0.7928 0.7976 0.798 0.8048 0.8054 0.8107 0.8125 0.8138 0.8187 0.8171 0.819 0.8221 0.8229 
====================label_inverse
0 0.2139 0.5709 0.6243 0.6823 0.7118 0.728 0.7334 0.7421 0.7478 0.7561 0.7629 0.7667 0.7752 0.7771 0.7829 0.7882 0.7888 0.7946 0.7952 0.7972 0.8032 0.8049 0.8072 0.8065 0.8065 0.8131 0.8135 0.817 0.816 0.8173 
====================label_inverse
0 0.0584 0.011 0.0086 0.0106 0.0122 0.0131 0.012 0.0138 0.0134 0.0162 0.0137 0.014 0.0143 0.0134 0.0147 0.0127 0.0126 0.013 0.0127 0.0126 0.0113 0.0103 0.0113 0.0114 0.0107 0.0091 0.0091 0.0092 0.0093 0.0086 
====================label_inverse
0 0.2724 0.5782 0.6299 0.6869 0.7129 0.7343 0.7388 0.7533 0.7588 0.7628 0.7698 0.7737 0.7792 0.7845 0.7887 0.7957 0.7984 0.802 0.8058 0.81 0.816 0.8169 0.822 0.822 0.8254 0.8298 0.8299 0.833 0.8342 0.8353 
====================label_inverse
0 0.384 0.5807 0.6348 0.6962 0.7159 0.7297 0.7329 0.7441 0.7477 0.7551 0.7645 0.7607 0.7748 0.7755 0.7823 0.7909 0.7848 0.7968 0.7987 0.8031 0.81 0.8131 0.8156 0.82 0.8212 0.8266 0.8257 0.8295 0.8307 0.8324 
====================label_inverse
0 0.0062 0.0039 0.008 0.01 0.0123 0.0123 0.0125 0.0133 0.0124 0.0136 0.0132 0.0118 0.0122 0.0121 0.0125 0.011 0.0107 0.01 0.0097 0.0095 0.009 0.0087 0.0081 0.0085 0.0085 0.0079 0.0083 0.0073 0.0082 0.0079 
====================label_inverse
0 0.009 0.0096 0.0086 0.0116 0.0133 0.0136 0.0152 0.0152 0.0154 0.016 0.0144 0.0154 0.0142 0.0133 0.0127 0.0114 0.0102 0.0109 0.0109 0.0103 0.0091 0.0092 0.0088 0.0095 0.0099 0.0082 0.0083 0.0076 0.0098 0.01 
====================label_inverse
0 0.2464 0.5685 0.6191 0.663 0.6996 0.7214 0.7319 0.7411 0.7462 0.7527 0.7609 0.7639 0.7733 0.7737 0.7816 0.7842 0.7894 0.7919 0.7935 0.796 0.8008 0.8038 0.8074 0.8065 0.8094 0.8159 0.8137 0.816 0.8194 0.819 
====================label_inverse
0 0.0573 0.0079 0.0088 0.0124 0.0134 0.0132 0.0147 0.0148 0.0143 0.0155 0.0139 0.0146 0.0143 0.0128 0.0135 0.0119 0.0114 0.0113 0.0108 0.0117 0.0092 0.0097 0.0098 0.0097 0.01 0.0091 0.0095 0.0088 0.0094 0.0088

====================label_inverse
0 0.0072 0.0075 0.0085 0.0112 0.013 0.0139 0.0142 0.0145 0.0145 0.0143 0.013 0.0129 0.0121 0.0109 0.0118 0.0108 0.0108 0.0094 0.0093 0.0099 0.0094 0.0085 0.0078 0.0084 0.0093 0.0078 0.0078 0.0071 0.0085 0.0084 
====================label_inverse
0 0.0074 0.0064 0.0072 0.0097 0.012 0.0123 0.0136 0.0145 0.0144 0.016 0.0138 0.0148 0.0147 0.0128 0.0134 0.012 0.0126 0.0121 0.0119 0.0118 0.0108 0.0107 0.011 0.011 0.0097 0.009 0.0091 0.009 0.0093 0.009 
====================label_inverse
0 0.0239 0.0107 0.0087 0.0103 0.0124 0.0133 0.0145 0.0151 0.0155 0.0167 0.0148 0.0158 0.0142 0.0132 0.0133 0.0107 0.0121 0.0105 0.0114 0.0122 0.0094 0.0104 0.0089 0.0104 0.0104 0.008 0.0084 0.0075 0.0088 0.009 
====================label_inverse
0 0.0069 0.0084 0.0096 0.0108 0.0124 0.0139 0.0143 0.0148 0.0144 0.0159 0.014 0.014 0.0141 0.0127 0.0134 0.0111 0.0113 0.0119 0.0108 0.0114 0.0099 0.0096 0.0099 0.0096 0.0097 0.0083 0.0088 0.0083 0.0085 0.0085 
====================label_inverse
0 0.0636 0.0059 0.0061 0.0093 0.0121 0.0126 0.0133 0.0135 0.0135 0.0155 0.0148 0.0151 0.0146 0.0132 0.0132 0.0133 0.0128 0.0118 0.0113 0.0112 0.0107 0.0118 0.0098 0.0103 0.0099 0.0097 0.0102 0.009 0.009 0.0091 
====================label_inverse
0 0.0206 0.0104 0.0077 0.0104 0.0131 0.0139 0.0151 0.0151 0.0154 0.0165 0.0152 0.0151 0.0146 0.0138 0.0138 0.0128 0.0129 0.0119 0.0121 0.0119 0.0118 0.0121 0.0108 0.0119 0.0107 0.0105 0.0106 0.0093 0.0111 0.0109 
====================label_inverse
0 0.0051 0.0053 0.0074 0.0095 0.0127 0.0125 0.0122 0.0134 0.0125 0.0147 0.0134 0.0128 0.0148 0.0129 0.0141 0.0135 0.0134 0.0134 0.0138 0.0135 0.0123 0.0122 0.0122 0.0131 0.0112 0.0105 0.0107 0.0105 0.0116 0.0105 
====================label_inverse
0 0.0093 0.0078 0.0091 0.0116 0.0132 0.0139 0.0144 0.0153 0.0155 0.0165 0.0146 0.0144 0.0135 0.013 0.0116 0.0111 0.0103 0.0102 0.012 0.0095 0.0096 0.0093 0.01 0.0105 0.01 0.0089 0.0089 0.0095 0.0097 0.009 
====================label_inverse
0 0.0342 0.0066 0.0076 0.0106 0.0129 0.0136 0.014 0.0142 0.0133 0.015 0.013 0.0146 0.0136 0.012 0.0122 0.0108 0.0119 0.0112 0.0107 0.0108 0.0097 0.0102 0.0095 0.0089 0.0092 0.0083 0.0099 0.0092 0.0087 0.0097 
====================label_inverse
0 0.0093 0.0079 0.0073 0.0109 0.0128 0.0129 0.0129 0.0149 0.0139 0.0161 0.0148 0.0153 0.0158 0.0143 0.015 0.0136 0.0133 0.0126 0.0125 0.0124 0.0103 0.0105 0.0096 0.0102 0.0096 0.009 0.0101 0.0083 0.0101 0.0091 
