# mean
gaussian
0 0.1 0.1 0.1219 0.5031 0.6218 0.6878 0.7084 0.7223 0.7353 0.7547 0.7647 0.7775 0.7883 0.7951 0.8014 0.8081 0.8127 0.8194 0.8247 0.8304 0.8344 0.8369 0.8413 0.8471 0.8482 0.8524 0.8555 0.8575 0.8587 0.8602
gaussian
0 0.1 0.1 0.1 0.4453 0.5991 0.6766 0.7136 0.7254 0.7372 0.7522 0.7643 0.779 0.7887 0.7917 0.8026 0.8108 0.815 0.8223 0.827 0.8329 0.8356 0.8423 0.8475 0.8477 0.8497 0.853 0.8562 0.856 0.8593 0.8607
gaussian
0 0.1 0.1 0.1 0.4706 0.6218 0.6888 0.7155 0.7281 0.7389 0.7528 0.7661 0.7809 0.7897 0.7933 0.8016 0.8124 0.8153 0.821 0.8282 0.8331 0.8348 0.8397 0.8419 0.8468 0.8503 0.8536 0.8574 0.8576 0.8596 0.8631
gaussian
0 0.1 0.1 0.139 0.4822 0.6099 0.6944 0.7181 0.7303 0.7414 0.7571 0.7675 0.7798 0.7916 0.794 0.8019 0.8092 0.8143 0.8175 0.8263 0.8307 0.8336 0.8397 0.8426 0.848 0.8491 0.8529 0.8566 0.8563 0.8625 0.8636
gaussian
0 0.1 0.1 0.1 0.4839 0.6168 0.6785 0.7093 0.7255 0.7426 0.7564 0.7711 0.7855 0.7927 0.7987 0.8054 0.8094 0.8131 0.8226 0.8276 0.8335 0.8351 0.8406 0.8456 0.8484 0.8511 0.8536 0.8568 0.8566 0.8612 0.863

#### 10% ###
gaussian
0 0.1 0.1 0.1 0.1 0.1 0.1 0.1 0.1 0.1 0.1 0.1 0.1 0.1 0.1 0.1 0.1 0.1 0.1 0.1 0.1 0.1 0.1 0.1 0.1 0.1 0.1 0.1 0.1 0.1 0.1 
====================gaussian
0 0.1 0.1 0.1 0.1 0.1 0.1 0.1 0.1 0.1 0.1 0.1 0.1 0.1 0.1 0.1 0.1 0.1 0.1 0.1 0.1 0.1 0.1 0.1 0.1 0.1 0.1 0.1 0.1 0.1 0.1 
====================gaussian
0 0.1 0.1 0.1 0.1 0.1 0.1 0.1 0.1 0.1 0.1 0.1 0.1 0.1 0.1 0.1 0.1 0.1 0.1 0.1 0.1 0.1 0.1 0.1 0.1 0.1 0.1 0.1 0.1 0.1 0.1 
====================gaussian
0 0.1 0.1 0.1 0.1 0.1 0.1 0.1 0.1 0.1 0.1 0.1 0.1 0.1 0.1 0.1 0.1 0.1 0.1 0.1 0.1 0.1 0.1 0.1 0.1 0.1 0.1 0.1 0.1 0.1 0.1 
====================gaussian
0 0.1 0.0769 0.1 0.1 0.1 0.1 0.1 0.1 0.1 0.1 0.1 0.1 0.1 0.1 0.1 0.1 0.1 0.1 0.1 0.1 0.1 0.1 0.1 0.1 0.1 0.1 0.1 0.1 0.1 0.1 
====================gaussian
0 0.1 0.1 0.1 0.1 0.1 0.1 0.1 0.1 0.1 0.1 0.1 0.1 0.1 0.1 0.1 0.1 0.1 0.1 0.1 0.1 0.1 0.1 0.1 0.1 0.1 0.1 0.1 0.1 0.1 0.1 
====================gaussian
0 0.1 0.1 0.1 0.1 0.1 0.1 0.1 0.1 0.1 0.1 0.1 0.1 0.1 0.1 0.1 0.1 0.1 0.1 0.1 0.1 0.1 0.1 0.1 0.1 0.1 0.1 0.104 0.1 0.1 0.1 
====================gaussian
0 0.1 0.1 0.1 0.1 0.1 0.1 0.1 0.1 0.1 0.1 0.1 0.1 0.1 0.1 0.1 0.1 0.1 0.104 0.1 0.1 0.0598 0.1 0.1 0.1 0.1 0.1 0.1 0.1 0.1 0.1 
====================gaussian
0 0.1 0.1 0.1 0.1 0.1 0.1 0.1 0.1 0.0205 0.1 0.1 0.1 0.1 0.1 0.1 0.1 0.1 0.1 0.1 0.1 0.1 0.1 0.1 0.1 0.1 0.1 0.1 0.1 0.1 0.1 
====================gaussian
0 0.1 0.1 0.1 0.1 0.1 0.1 0.1 0.1 0.1 0.1 0.1 0.1 0.1 0.1 0.1 0.1 0.1 0.1 0.1 0.1 0.1 0.1 0.1 0.1 0.1 0.1 0.1 0.1 0.1 0.1 
====================

### nomal ###
nomal
0 0.3432 0.5828 0.6348 0.7066 0.7208 0.7354 0.7355 0.7514 0.7561 0.7616 0.7712 0.7699 0.7828 0.7848 0.7905 0.7976 0.798 0.8059 0.8073 0.8125 0.8182 0.8208 0.8254 0.8252 0.8301 0.8311 0.833 0.838 0.8352 0.8401 
====================nomal
0 0.3555 0.6035 0.6541 0.7075 0.7222 0.7372 0.7432 0.7541 0.761 0.7655 0.7725 0.7776 0.7844 0.7902 0.7918 0.7982 0.8008 0.8046 0.807 0.8101 0.8164 0.8184 0.8217 0.8247 0.8233 0.8274 0.828 0.8314 0.8319 0.8334 
====================nomal
0 0.2777 0.5686 0.6464 0.7061 0.7221 0.7324 0.7386 0.7506 0.7582 0.7669 0.7773 0.7784 0.7899 0.7961 0.7944 0.8051 0.8031 0.8113 0.8143 0.8163 0.825 0.8236 0.8307 0.8227 0.8337 0.8359 0.8358 0.8445 0.8327 0.8453 
====================nomal
0 0.2706 0.5628 0.6374 0.7115 0.7267 0.7387 0.7434 0.7583 0.7628 0.7696 0.7769 0.7735 0.7856 0.7913 0.796 0.8001 0.8016 0.8089 0.8139 0.8164 0.8223 0.8209 0.829 0.8278 0.8329 0.8364 0.8375 0.8445 0.8381 0.8455 
====================nomal
0 0.3368 0.5672 0.6484 0.7056 0.7239 0.7373 0.7347 0.7508 0.7592 0.7614 0.7681 0.7699 0.776 0.7835 0.7879 0.7902 0.7927 0.7978 0.8049 0.8055 0.8065 0.8068 0.8129 0.8171 0.8194 0.8224 0.8231 0.8262 0.8259 0.8302 
====================nomal
0 0.2755 0.5685 0.6416 0.7086 0.7258 0.7418 0.7425 0.7551 0.7636 0.7676 0.7803 0.7803 0.7889 0.7951 0.7988 0.8035 0.8044 0.8099 0.8121 0.8157 0.8205 0.8215 0.8266 0.8265 0.8287 0.8316 0.8312 0.8358 0.8335 0.838 
====================nomal
0 0.3936 0.5922 0.6664 0.7085 0.7242 0.7336 0.7394 0.7545 0.7612 0.7637 0.7736 0.7738 0.7842 0.7897 0.7929 0.8013 0.7986 0.8093 0.8142 0.8155 0.8225 0.8202 0.8267 0.8283 0.8297 0.8344 0.8314 0.8378 0.8363 0.8391 
====================nomal
0 0.4122 0.6012 0.6383 0.7042 0.7264 0.738 0.7415 0.7541 0.7614 0.7656 0.7741 0.775 0.7851 0.789 0.7915 0.798 0.8016 0.8072 0.81 0.8131 0.8178 0.8175 0.8204 0.8211 0.8226 0.8251 0.8244 0.8267 0.8292 0.8299 
====================nomal
0 0.2308 0.5719 0.6378 0.7082 0.7258 0.7384 0.7487 0.7612 0.767 0.7719 0.7801 0.7788 0.7867 0.7927 0.7981 0.806 0.8108 0.8168 0.8193 0.8215 0.8257 0.8278 0.8293 0.8313 0.8338 0.8357 0.8385 0.8409 0.8422 0.8419 
====================nomal
0 0.3978 0.5834 0.6239 0.6879 0.7109 0.7281 0.735 0.7464 0.7531 0.7584 0.7655 0.7708 0.7759 0.7816 0.7863 0.7924 0.7964 0.8014 0.8013 0.8062 0.8113 0.8145 0.8144 0.8151 0.8169 0.8221 0.8229 0.8236 0.8253 0.825 
====================