normal
acc
0 0.2151215121512151 0.5181518151815182 0.6054605460546054 0.6570657065706571 0.6999699969997 0.735973597359736 0.7455745574557455 0.7383738373837384 0.7647764776477648 0.7482748274827483 
loss
0 2.30588783621788 1.8519585102796554 1.1616660535335541 0.9498248979449272 0.841156505048275 0.7706876158714294 0.7154064729809761 0.6746976301074028 0.650114831328392 0.627912449836731 
====================normal
acc
0 0.09930993099309932 0.49444944494449444 0.5829582958295829 0.6195619561956196 0.6648664866486649 0.7074707470747075 0.7041704170417041 0.7092709270927092 0.729072907290729 0.7464746474647465 
loss
0 2.3072883546352387 1.8611452221870421 1.118121473491192 0.9536165073513985 0.8765089243650437 0.8090252876281738 0.7708992660045624 0.7168068155646324 0.6792767688632011 0.6624876841902733 
====================normal
acc
0 0.10171017101710171 0.44164416441644166 0.5775577557755776 0.6225622562256226 0.6570657065706571 0.6813681368136814 0.7017701770177017 0.723972397239724 0.720972097209721 0.7368736873687368 
loss
0 2.310514807701111 2.0206033021211622 1.2470282644033432 1.0061733454465867 0.9113091990351677 0.8375613957643508 0.7920175164937973 0.750658032298088 0.6996077030897141 0.6772058129310607 
====================normal
acc
0 0.13111311131113113 0.46564656465646564 0.5811581158115812 0.6285628562856286 0.6648664866486649 0.6867686768676867 0.7191719171917191 0.723072307230723 0.735973597359736 0.7341734173417341 0.7512751275127513 0.7446744674467447 0.7554755475547554 0.7632763276327633 0.7635763576357636 0.7713771377137714 0.7638763876387639 0.7728772877287728 0.7860786078607861 0.7923792379237924 0.7860786078607861 0.8007800780078008 0.7908790879087909 0.7812781278127813 0.8037803780378038 0.8064806480648065 0.7983798379837984 0.8112811281128113 0.795979597959796 0.8124812481248125 
loss
0 2.307340055704117 1.9731316983699798 1.167492611706257 0.9593395799398422 0.8722880735993386 0.8012085035443306 0.7450188457965851 0.6991814225912094 0.6647923588752747 0.6375070989131928 0.6304642751812934 0.6212261900305748 0.6021380692720413 0.5821711264550686 0.5726074948906898 0.5728977680206299 0.5516030684113502 0.5467142783105373 0.5323538579046726 0.5138827778398991 0.5121371775865555 0.4974506698548794 0.485742849111557 0.4894947402179241 0.4770097494125366 0.46074177250266074 0.47718836963176725 0.45025083497166635 0.4608294442296028 0.4480103388428688 
====================normal
acc
0 0.10171017101710171 0.5229522952295229 0.5757575757575758 0.63996399639964 0.6522652265226523 0.7005700570057005 0.7074707470747075 0.720972097209721 0.7377737773777377 0.738073807380738 0.7497749774977498 0.7524752475247525 0.756975697569757 0.7626762676267627 0.7671767176717672 0.7665766576657665 0.7782778277827783 0.7797779777977798 0.7794779477947795 0.7833783378337834 0.7965796579657966 0.7953795379537953 0.7956795679567957 0.8046804680468047 0.8022802280228023 0.8034803480348035 0.8028802880288028 0.8085808580858086 0.816981698169817 0.8076807680768077 
loss
0 2.304362279176712 1.9269716084003448 1.179455392062664 0.9679716989398003 0.9061654016375542 0.8234440162777901 0.7682180002331733 0.7281219705939292 0.6911081522703171 0.6663008317351341 0.6408763483166695 0.6185836955904961 0.6025220200419426 0.5894120380282402 0.5767530009150506 0.5632687866687774 0.5517537541687488 0.5386091217398643 0.528120581060648 0.5235337682068348 0.514861798286438 0.49976912811398505 0.49377866834402084 0.49231035113334654 0.47562994956970217 0.4668211579322815 0.4631980642676353 0.45715325623750686 0.45356472209095955 0.4468973331153393 
====================normal
acc
0 0.17341734173417342 0.34353435343534355 0.5835583558355836 0.6357635763576358 0.6831683168316832 0.6945694569456946 0.735973597359736 0.7356735673567357 0.7344734473447345 0.756975697569757 0.765976597659766 0.7731773177317732 0.7698769876987699 0.7824782478247825 0.7824782478247825 0.7848784878487849 0.7938793879387939 0.7932793279327933 0.8037803780378038 0.7998799879987999 0.8115811581158116 0.8121812181218122 0.7965796579657966 0.8088808880888089 0.8247824782478248 0.8331833183318332 0.8268826882688269 0.8301830183018302 0.8325832583258326 0.8277827782778278 
loss
0 2.306770759820938 2.11883108317852 1.321381253004074 1.0016605019569398 0.8911165475845337 0.8173051550984383 0.7654787346720695 0.7061879768967628 0.6870973542332649 0.661213667690754 0.6255097851157189 0.6136990293860436 0.5901957139372825 0.5715328082442284 0.5663636952638627 0.5421513721346856 0.5276486374437809 0.5126925952732563 0.5068824633955955 0.49446497187018396 0.49497996643185616 0.482186658680439 0.4835560478270054 0.48174249604344366 0.4579081706702709 0.4509130947291851 0.45197389349341394 0.44619410634040835 0.4336063116788864 0.4370309911668301 
====================normal
acc
0 0.09510951095109511 0.09510951095109511 0.09510951095109511 0.09510951095109511 0.09510951095109511 0.09510951095109511 0.09510951095109511 0.09510951095109511 0.09510951095109511 0.09510951095109511 0.09510951095109511 0.09510951095109511 0.09510951095109511 0.09510951095109511 0.09510951095109511 0.09510951095109511 0.09510951095109511 0.09510951095109511 0.09510951095109511 0.09510951095109511 0.09510951095109511 0.1005100510051005 0.1005100510051005 0.1005100510051005 0.09840984098409841 0.1005100510051005 0.1005100510051005 0.1005100510051005 0.1005100510051005 0.1005100510051005 
loss
0 2.320609712600708 2.3175018310546873 2.313284754753113 2.309604454040527 2.3078378438949585 2.3054893612861633 2.3045517921447756 2.303566175699234 2.302810788154602 2.303027182817459 2.302857446670532 2.3025699615478517 2.3025821924209593 2.3025966703891756 2.302539497613907 2.302482920885086 2.3026273429393767 2.3024244248867034 2.302506422996521 2.302575188875198 2.3025277614593507 2.302506369352341 2.3024854600429534 2.302504765987396 2.3024846434593202 2.3026936292648315 2.3024739563465118 2.302581715583801 2.302563613653183 2.3026411533355713 
====================normal
acc
0 0.10171017101710171 0.10171017101710171 0.10171017101710171 0.10171017101710171 0.1425142514251425 0.10531053105310531 0.10531053105310531 0.10531053105310531 0.10531053105310531 0.10531053105310531 0.09810981098109811 0.09810981098109811 0.09810981098109811 0.09810981098109811 0.09810981098109811 0.09810981098109811 0.09720972097209721 0.09720972097209721 0.10111011101110111 0.09810981098109811 0.09810981098109811 0.14281428142814281 0.09810981098109811 0.09810981098109811 0.09810981098109811 0.09810981098109811 0.09810981098109811 0.09810981098109811 0.09900990099009901 0.09900990099009901 
loss
0 2.3189052760601045 2.314839059114456 2.309662568569183 2.3070189714431764 2.3050321877002715 2.304134118556976 2.303291356563568 2.3029466211795806 2.3027807474136353 2.302706354856491 2.302612841129303 2.3025996804237367 2.3026236653327943 2.302535367012024 2.3027100682258608 2.302641397714615 2.3025981068611143 2.3026866972446443 2.3025438368320463 2.302633172273636 2.302640271186829 2.302776688337326 2.3027094662189485 2.3025478065013885 2.3026283025741576 2.3025280475616454 2.302573436498642 2.3027133107185365 2.302614665031433 2.302696371078491 
====================normal
acc
0 0.10171017101710171 0.10171017101710171 0.10171017101710171 0.10171017101710171 0.10171017101710171 0.10171017101710171 0.09900990099009901 0.09900990099009901 0.09900990099009901 0.09900990099009901 0.09900990099009901 0.09900990099009901 0.09900990099009901 0.09900990099009901 0.09900990099009901 0.10171017101710171 0.10171017101710171 0.10171017101710171 0.10171017101710171 0.10171017101710171 0.096009600960096 0.096009600960096 0.10171017101710171 0.10171017101710171 0.10171017101710171 0.10171017101710171 0.12421242124212421 0.096009600960096 0.096009600960096 0.10171017101710171 
loss
0 2.316722571849823 2.312631332874298 2.3107727766036987 2.3079992830753326 2.3061731457710266 2.304868584871292 2.303594583272934 2.3032523691654205 2.302942705154419 2.302845811843872 2.302721357345581 2.3026628375053404 2.3026721835136414 2.3026013016700744 2.3026086330413817 2.302585858106613 2.3026290953159334 2.302551805973053 2.3026635885238647 2.30267174243927 2.302685523033142 2.3028310358524324 2.3027517676353453 2.302657902240753 2.3026523888111115 2.3026963233947755 2.3026687681674955 2.3026489555835723 2.3026534795761107 2.3027704298496245 
====================normal
acc
0 0.14581458145814583 0.48064806480648065 0.5904590459045904 0.6387638763876388 0.684968496849685 0.7206720672067207 0.7158715871587159 0.7368736873687368 0.7350735073507351 0.744074407440744 0.759075907590759 0.7584758475847585 0.7572757275727573 0.7623762376237624 0.7431743174317432 0.774077407740774 0.7683768376837684 0.7752775277527753 0.7956795679567957 0.7884788478847885 0.7944794479447945 0.7842784278427842 0.7896789678967897 0.8067806780678067 0.7974797479747975 0.8136813681368137 0.8094809480948095 0.8160816081608161 0.8148814881488149 0.828082808280828 
loss
0 2.3048240721225737 1.881861287355423 1.1920324265956879 0.991338637471199 0.88014065772295 0.80402772128582 0.7648820102214813 0.7328567624092102 0.7003807812929154 0.688198447227478 0.662957115471363 0.6292592450976372 0.6137692369520664 0.5984623715281486 0.5972592249512673 0.5859978333115577 0.5667178705334663 0.5453768074512482 0.5334735088050365 0.524393766373396 0.5129118114709854 0.5103980734944343 0.49904489144682884 0.4917753905057907 0.48624474108219146 0.47663886174559594 0.46950771287083626 0.46117796897888186 0.46462678238749505 0.44574375450611115 
====================normal
acc
0 0.09720972097209721 0.49624962496249625 0.5727572757275727 0.6522652265226523 0.6729672967296729 0.690969096909691 0.684968496849685 0.723972397239724 0.7374737473747375 0.7302730273027302 0.7395739573957396 0.7422742274227423 0.7557755775577558 0.7503750375037503 0.7560756075607561 0.7764776477647765 0.7734773477347735 0.774977497749775 0.7722772277227723 0.7833783378337834 0.7746774677467747 0.7776777677767777 0.7986798679867987 0.7731773177317732 0.7878787878787878 0.8055805580558055 0.798079807980798 0.7851785178517852 0.8106810681068107 0.813981398139814 
loss
0 2.3071511149406434 1.9058231264352798 1.1356650367379189 0.9539291068911553 0.8757910370826721 0.8133115649223328 0.7585643410682679 0.7100229144096375 0.6797631442546844 0.6505658864974976 0.6404325053095817 0.6095747806131839 0.5982341147959233 0.5778558567166329 0.5629239320755005 0.5588518358767033 0.540214329957962 0.5319005370140075 0.5281211413443089 0.5249319896101952 0.5177321933209896 0.5160548456013203 0.4995635159313679 0.4904144272208214 0.503609549999237 0.4828463211655617 0.47263775765895844 0.47934025898575783 0.4728828139603138 0.45336843058466914 
====================normal
acc
0 0.10171017101710171 0.22712271227122713 0.5406540654065407 0.6201620162016201 0.6654665466546654 0.6918691869186918 0.711971197119712 0.7224722472247225 0.726972697269727 0.7512751275127513 0.7431743174317432 0.753075307530753 0.7542754275427542 0.768976897689769 0.7743774377437744 0.7776777677767777 0.7794779477947795 0.7893789378937894 0.7953795379537953 0.7932793279327933 0.7926792679267927 0.7947794779477948 0.7977797779777978 0.8076807680768077 0.8097809780978098 0.8088808880888089 0.8151815181518152 0.8193819381938194 0.8235823582358236 0.8214821482148215 
loss
0 2.31133194565773 2.2160804837942125 1.4984165400266647 1.0477727890014648 0.9038439244031906 0.8251283675432205 0.7717226162552834 0.7468781471252441 0.6930103957653045 0.6609730884432793 0.6447554230690002 0.6198582842946052 0.5917817831039429 0.5784098371863365 0.5655513688921928 0.5530737690627575 0.541318790614605 0.5286103524267673 0.5139138132333756 0.5078769810497761 0.5009232103824616 0.49176446050405503 0.4828412465751171 0.47828407734632494 0.4634878024458885 0.46369205564260485 0.45794796496629714 0.44261188954114916 0.4499774545431137 0.4340486116707325 
====================normal
acc
0 0.09720972097209721 0.41164116411641166 0.570957095709571 0.6300630063006301 0.6771677167716772 0.6972697269726973 0.714971497149715 0.7173717371737174 0.7317731773177317 0.7335733573357336 0.7497749774977498 0.7632763276327633 0.7668766876687669 0.7674767476747675 0.7620762076207621 0.7788778877887789 0.7929792979297929 0.7950795079507951 0.7908790879087909 0.7935793579357936 0.7806780678067807 0.7974797479747975 0.7932793279327933 0.8070807080708071 0.8061806180618062 0.8055805580558055 0.8103810381038103 0.8157815781578158 0.8025802580258026 0.7983798379837984 
loss
0 2.3094952583312987 2.103397360444069 1.2942953735589982 0.9772102057933807 0.8829408615827561 0.8219651192426681 0.7523952126502991 0.7089858323335647 0.6779383346438408 0.6421006590127945 0.6215653479099273 0.5962995827198029 0.5739928625524044 0.5576564922928811 0.5485342882573605 0.5429061971604824 0.525927496701479 0.5056763716042042 0.5013740189373493 0.4897193044424057 0.49397199004888537 0.496079121530056 0.4780937507748604 0.4658255510032177 0.45717037841677666 0.4501911774277687 0.44767670035362245 0.4369108363986015 0.43092169240117073 0.42824605107307434 
====================normal
acc
0 0.0699069906990699 0.267026702670267 0.47674767476747676 0.5694569456945695 0.6171617161716172 0.666966696669667 0.6870687068706871 0.7029702970297029 0.711971197119712 0.7308730873087309 0.7350735073507351 0.738973897389739 0.750975097509751 0.756975697569757 0.7608760876087609 0.7626762676267627 0.7743774377437744 0.7629762976297629 0.7674767476747675 0.7731773177317732 0.7845784578457846 0.7794779477947795 0.7902790279027903 0.7881788178817882 0.7833783378337834 0.795979597959796 0.8013801380138014 0.7977797779777978 0.8052805280528053 0.7986798679867987 
loss
0 2.31396621465683 2.218650871515274 1.665766456723213 1.1596964478492737 0.997400987148285 0.9018356919288635 0.811464186012745 0.7712990209460259 0.7308792173862457 0.6853420659899712 0.6540484949946404 0.6414933025836944 0.6342845425009728 0.6097864672541619 0.593718371540308 0.5740317776799202 0.562860918790102 0.5640758328139782 0.5528565220534801 0.5270724311470986 0.5183649703860282 0.5156909555196763 0.5030349962413311 0.5002515584230423 0.4860308304429054 0.4797703608870506 0.49034665822982787 0.47301881685853003 0.4592505842447281 0.45692494958639146 
====================normal
acc
0 0.1335133513351335 0.4458445844584458 0.6006600660066007 0.6414641464146414 0.6738673867386739 0.7104710471047104 0.714971497149715 0.7293729372937293 0.7314731473147315 0.7503750375037503 0.7557755775577558 0.7638763876387639 0.7767776777677767 0.7755775577557755 0.7866786678667866 0.783078307830783 0.7920792079207921 0.7887788778877888 0.7935793579357936 0.8016801680168016 0.8082808280828083 0.804080408040804 0.7998799879987999 0.8112811281128113 0.8091809180918091 0.81998199819982 0.8121812181218122 0.8184818481848185 0.8244824482448245 0.8181818181818182 
loss
0 2.307616186141968 1.9259730190038682 1.2203942477703094 0.9721144527196884 0.8854022368788719 0.8112676531076431 0.7722031444311142 0.7328108564019203 0.6988918632268906 0.6673421278595925 0.6468036368489265 0.6062962144613266 0.5904797911643982 0.5766325399279595 0.5718532718718052 0.5509197391569615 0.5346716463565826 0.5358722656965256 0.5221231929957867 0.5054788492619992 0.4935030221939087 0.48548213616013525 0.47636096775531767 0.4725002534687519 0.4735548585653305 0.4646853722631931 0.4716348320245743 0.45011158287525177 0.4466922454535961 0.43804504051804544 
====================normal
acc
0 0.098 0.183 0.268 0.4705 0.556 0.58 0.597 0.619 0.628 0.666 0.679 0.6975 0.6945 0.714 0.7125 0.727 0.711 0.7365 0.749 0.739 0.7425 0.7525 0.7585 0.7585 0.7265 0.764 0.772 0.7715 0.7685 0.773 
loss
0 2.313242942094803 2.2969332734743753 2.145476837952932 1.6492789487044017 1.2838300714890163 1.1107468356688817 1.017828146616618 0.9505389084418615 0.9110363647341728 0.8823847124973933 0.8467378442486128 0.8064046675960223 0.7675508012374243 0.7383089487751325 0.7042333806554476 0.6866038193305334 0.6677605137228966 0.6475351055463155 0.6302262917160988 0.6269317219654719 0.6123790219426155 0.5996452396114668 0.5902193983395895 0.5768823412557443 0.5707761272788048 0.5660048375527064 0.5518271687130133 0.5453032975395521 0.5325892033676306 0.53031608213981 
====================normal
acc
0 0.0955 0.146 0.2965 0.4245 0.5265 0.609 0.639 0.6445 0.6835 0.7 0.696 0.703 0.7015 0.719 0.722 0.7135 0.709 0.7305 0.731 0.7325 0.739 0.744 0.747 0.742 0.745 0.755 0.752 0.743 0.7585 0.76 
loss
0 2.3117911716302237 2.304773579041163 2.2059749911228814 1.6853540738423665 1.226263701915741 1.0766156266132991 0.9735172366102537 0.9132804572582245 0.8566563899318377 0.8175487369298935 0.7902863621711731 0.7649330968658129 0.754101574420929 0.7400723720590273 0.7251856426397959 0.7185346831878027 0.7176240955789884 0.6913437445958456 0.6808227896690369 0.6604276051123937 0.6489739691217741 0.6417961989839872 0.652712826927503 0.6231354052821795 0.6188047726949056 0.6158635293443998 0.602378120024999 0.6031834557652473 0.5824241588513056 0.582210955520471 
====================normal
acc
0 0.098 0.223 0.3245 0.458 0.5725 0.6035 0.636 0.6435 0.67 0.6965 0.674 0.696 0.699 0.7205 0.727 0.723 0.735 0.7415 0.7415 0.749 0.742 0.7485 0.7325 0.751 0.7605 0.766 0.7685 0.7535 0.774 0.7775 
loss
0 2.312699407339096 2.286853442589442 1.9860079338153203 1.4537980208794277 1.1509590595960617 1.020090180138747 0.9623053868611654 0.9189684043327967 0.8814374854167303 0.8427755013108253 0.8193268105387688 0.784474698205789 0.7587884614864985 0.7415455902616183 0.7213911960522333 0.7098523552219073 0.7269064038991928 0.6841660887002945 0.6480527545015017 0.6404491464296976 0.6260947386423746 0.6359330614407858 0.631305327018102 0.6116622587045034 0.5994367723663648 0.5901272892951965 0.5904203106959661 0.5787843043605486 0.5685319478313128 0.5632228913406531 
====================normal
acc
0 0.1035 0.0995 0.258 0.4125 0.505 0.5375 0.598 0.6135 0.6445 0.665 0.675 0.6945 0.706 0.72 0.7245 0.7225 0.737 0.744 0.762 0.7645 0.762 0.766 0.756 0.771 0.778 0.7825 0.7835 0.7845 0.786 0.7895 
loss
0 2.3124861419200897 2.302573710680008 2.2390718360741935 1.850195273756981 1.4448156108458836 1.1844475467999775 1.0589004904031754 0.9905374919374784 0.9334750225146612 0.8829772720734278 0.8472411334514618 0.8064501732587814 0.767634908358256 0.7577376738190651 0.7157270088791847 0.6902769158283869 0.6690086300174395 0.6449387843410174 0.6297321865955988 0.6093373422821363 0.5914372665186723 0.5894116560618082 0.5912663241227468 0.5794209366043409 0.5533954414228598 0.5477939906219641 0.5412504449486732 0.529967125505209 0.521396491676569 0.5192346498370171 
====================normal
acc
0 0.104 0.1025 0.204 0.431 0.567 0.613 0.641 0.658 0.699 0.7005 0.699 0.7175 0.7295 0.726 0.742 0.7425 0.754 0.7555 0.7635 0.7635 0.767 0.7725 0.7805 0.769 0.781 0.792 0.79 0.7955 0.7825 0.7845 
loss
0 2.3158291776974997 2.3050356407960257 2.222610374291738 1.7636477053165436 1.369450757900874 1.1223370681206386 1.0009812861680984 0.9299581895271937 0.8850016916791598 0.8483761822183927 0.8166736538211504 0.7901928598682085 0.7646533772349358 0.7493220791220665 0.7160902768373489 0.6990321452418963 0.6918705776333809 0.6671033948659897 0.6431524977087975 0.6307560180624326 0.6195747529466947 0.6076358507076899 0.6061189273993174 0.5959357991814613 0.5808267407119274 0.5669688433408737 0.559708334505558 0.5608048414190611 0.5542351876695951 0.5533491745591164 
====================