====================gaussian
0 0.243 0.5723 0.6153 0.6701 0.7022 0.7186 0.7334 0.7395 0.7477 0.754 0.7599 0.7665 0.773 0.7785 0.7849 0.7891 0.7914 0.7944 0.7919 0.807 0.8124 0.8139 0.8155 0.8193 0.8228 0.8264 0.824 0.8312 0.8321 0.833 
====================gaussian
0 0.3695 0.5777 0.622 0.6707 0.7141 0.7286 0.7408 0.7514 0.7589 0.7578 0.7673 0.7729 0.7796 0.7812 0.791 0.7964 0.7994 0.8023 0.8037 0.8024 0.8097 0.8173 0.8102 0.8213 0.8222 0.8228 0.8248 0.8259 0.8275 0.8321 
====================gaussian
0 0.3578 0.5992 0.6601 0.6927 0.7194 0.725 0.7367 0.7494 0.7596 0.7667 0.7721 0.7778 0.7826 0.7926 0.7992 0.8027 0.8072 0.8119 0.8127 0.8155 0.8204 0.8209 0.8284 0.8262 0.8362 0.8344 0.8383 0.8407 0.8457 0.8443 
====================gaussian
0 0.2441 0.583 0.641 0.6997 0.7208 0.7345 0.7476 0.7536 0.7599 0.7632 0.7763 0.7766 0.7865 0.782 0.7928 0.7985 0.7989 0.8066 0.808 0.8141 0.8174 0.8197 0.8247 0.8248 0.8281 0.8337 0.8337 0.8357 0.8404 0.8411 
====================gaussian
0 0.3679 0.5802 0.619 0.6701 0.7087 0.7246 0.7374 0.7477 0.7501 0.7616 0.7674 0.7772 0.7816 0.7819 0.7829 0.7884 0.8001 0.7979 0.798 0.8068 0.8104 0.8034 0.8168 0.8199 0.8222 0.8233 0.8266 0.8317 0.8286 0.8355
====================gaussian
0 0.243 0.5723 0.6153 0.6701 0.7022 0.7186 0.7334 0.7395 0.7477 0.754 0.7599 0.7665 0.773 0.7785 0.7849 0.7891 0.7914 0.7944 0.7919 0.807 0.8124 0.8139 0.8155 0.8193 0.8228 0.8264 0.824 0.8312 0.8321 0.833
====================gaussian
0 0.3695 0.5777 0.622 0.6707 0.7141 0.7286 0.7408 0.7514 0.7589 0.7578 0.7673 0.7729 0.7796 0.7812 0.791 0.7964 0.7994 0.8023 0.8037 0.8024 0.8097 0.8173 0.8102 0.8213 0.8222 0.8228 0.8248 0.8259 0.8275 0.8321
====================gaussian
0 0.3578 0.5992 0.6601 0.6927 0.7194 0.725 0.7367 0.7494 0.7596 0.7667 0.7721 0.7778 0.7826 0.7926 0.7992 0.8027 0.8072 0.8119 0.8127 0.8155 0.8204 0.8209 0.8284 0.8262 0.8362 0.8344 0.8383 0.8407 0.8457 0.8443
====================gaussian
0 0.2441 0.583 0.641 0.6997 0.7208 0.7345 0.7476 0.7536 0.7599 0.7632 0.7763 0.7766 0.7865 0.782 0.7928 0.7985 0.7989 0.8066 0.808 0.8141 0.8174 0.8197 0.8247 0.8248 0.8281 0.8337 0.8337 0.8357 0.8404 0.8411
====================gaussian
0 0.3679 0.5802 0.619 0.6701 0.7087 0.7246 0.7374 0.7477 0.7501 0.7616 0.7674 0.7772 0.7816 0.7819 0.7829 0.7884 0.8001 0.7979 0.798 0.8068 0.8104 0.8034 0.8168 0.8199 0.8222 0.8233 0.8266 0.8317 0.8286 0.8355


====================model_negation
0 0.3814 0.5869 0.6531 0.697 0.7229 0.7351 0.7416 0.7517 0.7609 0.7695 0.7724 0.7858 0.7867 0.7907 0.796 0.7979 0.805 0.8088 0.8107 0.8143 0.8152 0.8173 0.8213 0.8264 0.8266 0.8303 0.8283 0.8322 0.8384 0.8403 
====================model_negation
0 0.3238 0.5932 0.6676 0.698 0.7177 0.7266 0.7359 0.7451 0.7542 0.7568 0.7646 0.7754 0.7792 0.7823 0.7906 0.796 0.7918 0.8036 0.8062 0.8102 0.8152 0.811 0.8211 0.823 0.8243 0.8279 0.8217 0.8317 0.8336 0.8356 
====================model_negation
0 0.376 0.5903 0.6783 0.7112 0.7245 0.7326 0.7438 0.7484 0.761 0.7666 0.773 0.7771 0.7815 0.786 0.7865 0.7896 0.7938 0.8013 0.7969 0.8059 0.8048 0.8079 0.8103 0.8176 0.8178 0.8217 0.8227 0.8241 0.8287 0.8323 
====================model_negation
0 0.3597 0.5711 0.6471 0.7099 0.729 0.734 0.7381 0.7576 0.7676 0.7701 0.783 0.7801 0.7878 0.7948 0.796 0.7986 0.7999 0.8067 0.8079 0.8112 0.8154 0.8143 0.8214 0.8248 0.8266 0.8278 0.8314 0.8338 0.8379 0.8363 
====================model_negation
0 0.4 0.5869 0.6459 0.6973 0.7279 0.7354 0.7402 0.7478 0.7604 0.7607 0.7751 0.7802 0.7806 0.7862 0.7918 0.7967 0.7952 0.8059 0.8063 0.8138 0.8191 0.8154 0.8266 0.8217 0.8284 0.8258 0.8314 0.8355 0.8371 0.8395
====================model_negation
0 0.3814 0.5869 0.6531 0.697 0.7229 0.7351 0.7416 0.7517 0.7609 0.7695 0.7724 0.7858 0.7867 0.7907 0.796 0.7979 0.805 0.8088 0.8107 0.8143 0.8152 0.8173 0.8213 0.8264 0.8266 0.8303 0.8283 0.8322 0.8384 0.8403
====================model_negation
0 0.3238 0.5932 0.6676 0.698 0.7177 0.7266 0.7359 0.7451 0.7542 0.7568 0.7646 0.7754 0.7792 0.7823 0.7906 0.796 0.7918 0.8036 0.8062 0.8102 0.8152 0.811 0.8211 0.823 0.8243 0.8279 0.8217 0.8317 0.8336 0.8356
====================model_negation
0 0.376 0.5903 0.6783 0.7112 0.7245 0.7326 0.7438 0.7484 0.761 0.7666 0.773 0.7771 0.7815 0.786 0.7865 0.7896 0.7938 0.8013 0.7969 0.8059 0.8048 0.8079 0.8103 0.8176 0.8178 0.8217 0.8227 0.8241 0.8287 0.8323
====================model_negation
0 0.3597 0.5711 0.6471 0.7099 0.729 0.734 0.7381 0.7576 0.7676 0.7701 0.783 0.7801 0.7878 0.7948 0.796 0.7986 0.7999 0.8067 0.8079 0.8112 0.8154 0.8143 0.8214 0.8248 0.8266 0.8278 0.8314 0.8338 0.8379 0.8363
====================model_negation
0 0.4 0.5869 0.6459 0.6973 0.7279 0.7354 0.7402 0.7478 0.7604 0.7607 0.7751 0.7802 0.7806 0.7862 0.7918 0.7967 0.7952 0.8059 0.8063 0.8138 0.8191 0.8154 0.8266 0.8217 0.8284 0.8258 0.8314 0.8355 0.8371 0.8395
====================



====================gaussian
0 0.3058 0.57 0.6286 0.6818 0.7126 0.7244 0.7359 0.7483 0.7519 0.7584 0.7582 0.7661 0.7716 0.7794 0.7768 0.7864 0.7877 0.8011 0.8012 0.8003 0.8091 0.81 0.813 0.8165 0.8198 0.8132 0.8224 0.8168 0.8213 0.8261 
====================gaussian
0 0.3782 0.5915 0.6553 0.7023 0.7206 0.7359 0.7447 0.7521 0.7604 0.7667 0.7713 0.7817 0.7835 0.7869 0.7883 0.799 0.8015 0.8055 0.8094 0.813 0.8179 0.8229 0.8273 0.8309 0.8323 0.8331 0.8325 0.8415 0.8386 0.8418 
====================gaussian
0 0.3975 0.5906 0.6408 0.6804 0.7195 0.7314 0.7396 0.7516 0.7569 0.7682 0.7743 0.777 0.7891 0.7933 0.7985 0.803 0.8084 0.8071 0.8068 0.8194 0.8169 0.8161 0.8245 0.8245 0.8293 0.832 0.8318 0.8317 0.834 0.8367 
====================gaussian
0 0.3512 0.6038 0.657 0.6869 0.7189 0.7281 0.7472 0.756 0.7616 0.7689 0.7727 0.7777 0.7887 0.7899 0.7969 0.7957 0.8021 0.8084 0.8142 0.8105 0.8233 0.8252 0.8284 0.8292 0.8346 0.8375 0.8322 0.8432 0.8453 0.8476 
====================gaussian
0 0.2606 0.5562 0.6426 0.7084 0.7264 0.7336 0.7404 0.7541 0.7587 0.7632 0.7706 0.7783 0.7846 0.7862 0.7877 0.799 0.793 0.805 0.8081 0.8119 0.815 0.8128 0.8213 0.826 0.8288 0.8309 0.8337 0.8342 0.8391 0.8407 
====================gaussian
0 0.2899 0.5909 0.6742 0.7038 0.7228 0.7367 0.7439 0.7552 0.7629 0.771 0.7732 0.7708 0.7861 0.7871 0.7934 0.7993 0.8008 0.8048 0.8079 0.8105 0.8156 0.8162 0.8217 0.8257 0.8271 0.8291 0.8326 0.8353 0.8352 0.8396 
====================gaussian
0 0.286 0.5657 0.632 0.6908 0.7201 0.7316 0.744 0.7516 0.7585 0.7701 0.7736 0.7772 0.7816 0.7915 0.792 0.7985 0.8045 0.8099 0.8093 0.8044 0.8217 0.824 0.8268 0.8301 0.8345 0.8388 0.8343 0.841 0.837 0.8457 
====================gaussian
0 0.4265 0.5868 0.6531 0.6996 0.7238 0.7341 0.7427 0.7543 0.759 0.7701 0.7721 0.776 0.787 0.7849 0.7941 0.801 0.798 0.8045 0.8103 0.8149 0.818 0.8209 0.8267 0.829 0.836 0.8363 0.8296 0.8434 0.8435 0.8448 
====================gaussian
0 0.4 0.6006 0.6433 0.7006 0.7151 0.7284 0.7387 0.7492 0.7467 0.762 0.7689 0.7779 0.7809 0.7873 0.7875 0.7922 0.793 0.8027 0.8055 0.811 0.8129 0.8183 0.8216 0.8248 0.8222 0.8249 0.8236 0.8335 0.8353 0.8373 
====================gaussian
0 0.3717 0.5985 0.6264 0.6972 0.7115 0.7251 0.7378 0.7448 0.7541 0.7596 0.7627 0.7558 0.7771 0.783 0.7834 0.7849 0.7941 0.8017 0.8003 0.8013 0.8111 0.8133 0.8195 0.8134 0.8229 0.8255 0.8282 0.8258 0.8311 0.832 


====================client_label_inv
0 0.328 0.5705 0.6352 0.6909 0.7177 0.7285 0.7308 0.7469 0.7528 0.7588 0.7663 0.7734 0.7795 0.784 0.7908 0.7971 0.7984 0.8028 0.8038 0.8069 0.8124 0.8131 0.8165 0.8179 0.8204 0.8258 0.8273 0.8285 0.8268 0.8319 
====================client_label_inv
0 0.3694 0.5998 0.6607 0.7025 0.7215 0.7357 0.74 0.7538 0.7591 0.7634 0.7721 0.771 0.7815 0.7838 0.7889 0.7971 0.7964 0.8019 0.803 0.8047 0.8117 0.8126 0.8175 0.82 0.8212 0.8269 0.8263 0.8307 0.8307 0.8312 
====================client_label_inv
0 0.315 0.5763 0.6243 0.6785 0.7161 0.7299 0.732 0.744 0.7511 0.7573 0.7641 0.7689 0.7764 0.7804 0.7845 0.791 0.7913 0.8018 0.8038 0.8052 0.8114 0.8073 0.8166 0.8182 0.8214 0.826 0.8248 0.8315 0.8314 0.833 
====================client_label_inv
0 0.4297 0.5969 0.6573 0.7049 0.719 0.732 0.7377 0.7477 0.7541 0.7584 0.7666 0.7648 0.7743 0.7783 0.7793 0.7893 0.7902 0.7964 0.8004 0.8029 0.8086 0.811 0.816 0.8195 0.8206 0.8296 0.8302 0.8366 0.8374 0.8351 
====================client_label_inv
0 0.306 0.5935 0.6507 0.7105 0.7274 0.7396 0.7435 0.7592 0.7661 0.7711 0.7802 0.7826 0.7895 0.7937 0.7973 0.8034 0.8057 0.8106 0.8129 0.8158 0.8205 0.8209 0.825 0.8234 0.8292 0.8324 0.8332 0.836 0.8354 0.8402 
====================client_label_inv
0 0.3745 0.5897 0.6499 0.7089 0.7287 0.7393 0.7445 0.7549 0.7626 0.7673 0.7755 0.7758 0.7863 0.7902 0.7929 0.7974 0.7975 0.8042 0.8071 0.8093 0.8136 0.8152 0.8192 0.822 0.8256 0.8281 0.8295 0.8317 0.8332 0.8362 
====================client_label_inv
0 0.3745 0.5897 0.6499 0.7089 0.7287 0.7393 0.7445 0.7549 0.7626 0.7673 0.7755 0.7758 0.7863 0.7902 0.7929 0.7974 0.7975 0.8042 0.8071 0.8093 0.8136 0.8152 0.8192 0.822 0.8256 0.8281 0.8295 0.8317 0.8332 0.8362
====================client_label_inv
0 0.3745 0.5897 0.6499 0.7089 0.7287 0.7393 0.7445 0.7549 0.7626 0.7673 0.7755 0.7758 0.7863 0.7902 0.7929 0.7974 0.7975 0.8042 0.8071 0.8093 0.8136 0.8152 0.8192 0.822 0.8256 0.8281 0.8295 0.8317 0.8332 0.8362
====================client_label_inv
0 0.3745 0.5897 0.6499 0.7089 0.7287 0.7393 0.7445 0.7549 0.7626 0.7673 0.7755 0.7758 0.7863 0.7902 0.7929 0.7974 0.7975 0.8042 0.8071 0.8093 0.8136 0.8152 0.8192 0.822 0.8256 0.8281 0.8295 0.8317 0.8332 0.8362
====================client_label_inv
0 0.4297 0.5969 0.6573 0.7049 0.719 0.732 0.7377 0.7477 0.7541 0.7584 0.7666 0.7648 0.7743 0.7783 0.7793 0.7893 0.7902 0.7964 0.8004 0.8029 0.8086 0.811 0.816 0.8195 0.8206 0.8296 0.8302 0.8366 0.8374 0.8351

### 10% ###
====================grad_scale
0 0.3829 0.5924 0.6576 0.6985 0.7178 0.7292 0.7381 0.7471 0.7548 0.7618 0.7692 0.7713 0.7796 0.7838 0.7877 0.7908 0.7904 0.7992 0.8006 0.8047 0.8094 0.8092 0.8149 0.8171 0.8199 0.8249 0.8269 0.8307 0.8334 0.8349 
====================grad_scale
0 0.3694 0.5913 0.6294 0.6821 0.7116 0.7277 0.7297 0.7435 0.7491 0.7565 0.7652 0.764 0.7758 0.7792 0.7851 0.7899 0.7939 0.7994 0.8009 0.8041 0.8128 0.8095 0.8173 0.816 0.8181 0.8228 0.8219 0.8258 0.8261 0.8275 
====================grad_scale
0 0.384 0.5777 0.6381 0.7053 0.7227 0.7357 0.7425 0.7537 0.7585 0.7671 0.7733 0.7759 0.7874 0.7875 0.7929 0.7973 0.8023 0.8092 0.8094 0.8152 0.8179 0.8179 0.8248 0.8226 0.8297 0.833 0.8278 0.8374 0.8319 0.841 
====================grad_scale
0 0.4074 0.5903 0.64 0.7086 0.722 0.7335 0.7421 0.7547 0.7604 0.7679 0.7779 0.7765 0.7867 0.7953 0.7965 0.8028 0.8046 0.8108 0.815 0.8169 0.8214 0.8235 0.8285 0.826 0.8317 0.8335 0.8361 0.8392 0.8399 0.8446 
====================grad_scale
0 0.4624 0.5886 0.6561 0.6991 0.7137 0.7296 0.7378 0.747 0.7549 0.7624 0.7671 0.7694 0.7793 0.7819 0.7865 0.7919 0.7884 0.7982 0.7981 0.8046 0.8074 0.8093 0.8145 0.8173 0.8198 0.8252 0.8272 0.8311 0.8313 0.8334 
====================grad_scale
0 0.4038 0.5892 0.6489 0.7026 0.7182 0.7303 0.7319 0.7437 0.7492 0.7581 0.7667 0.7647 0.7737 0.7808 0.7864 0.7927 0.7921 0.8003 0.8076 0.8098 0.8139 0.814 0.8189 0.8216 0.8257 0.8308 0.8276 0.8361 0.8365 0.8389 
====================grad_scale
0 0.3335 0.5899 0.6443 0.6974 0.7132 0.7289 0.7358 0.7455 0.7512 0.7559 0.7687 0.7602 0.7738 0.7829 0.7843 0.7925 0.7893 0.7922 0.7982 0.7986 0.8055 0.8054 0.8088 0.8134 0.8132 0.8199 0.817 0.8211 0.8281 0.8237 
====================grad_scale
0 0.1291 0.555 0.629 0.6843 0.7179 0.7291 0.7349 0.7474 0.7534 0.7597 0.7649 0.7628 0.7772 0.7832 0.7849 0.7942 0.7928 0.8016 0.8058 0.8081 0.8114 0.8154 0.8198 0.8235 0.8256 0.8306 0.8312 0.8363 0.8356 0.8425 
====================grad_scale
0 0.3805 0.5919 0.6372 0.6909 0.7153 0.7309 0.7298 0.7476 0.7536 0.7597 0.7661 0.7597 0.7745 0.7793 0.7861 0.7908 0.7933 0.801 0.804 0.805 0.8136 0.8111 0.8159 0.8185 0.8193 0.8245 0.8234 0.828 0.826 0.8301 
====================grad_scale
0 0.3861 0.5928 0.6247 0.6795 0.7189 0.7313 0.7355 0.7465 0.7525 0.7596 0.7671 0.7655 0.7751 0.7843 0.784 0.7924 0.7901 0.8015 0.807 0.8091 0.8151 0.814 0.8204 0.8225 0.8238 0.8294 0.8228 0.8323 0.8332 0.8333 

====================model_negation
0 0.353 0.5926 0.6598 0.7047 0.7177 0.7332 0.7384 0.7515 0.7593 0.7638 0.7729 0.7695 0.7804 0.7837 0.7883 0.7929 0.7919 0.8015 0.8028 0.8074 0.8095 0.8118 0.817 0.8145 0.8217 0.8228 0.8263 0.8311 0.8238 0.8335 
====================model_negation
0 0.322 0.5913 0.6434 0.7007 0.7203 0.7335 0.7371 0.753 0.7586 0.7611 0.7694 0.7732 0.779 0.7814 0.7837 0.7934 0.7954 0.7996 0.8034 0.8061 0.814 0.8139 0.8191 0.8225 0.8237 0.8264 0.8217 0.8298 0.8334 0.8337 
====================model_negation
0 0.3133 0.6036 0.6475 0.6827 0.7156 0.7324 0.7382 0.7523 0.7592 0.7636 0.7736 0.7749 0.782 0.7848 0.7923 0.7968 0.8002 0.8056 0.8065 0.809 0.8145 0.8145 0.8179 0.8181 0.8198 0.8257 0.8248 0.8273 0.8299 0.8308 
====================model_negation
0 0.3838 0.5828 0.6399 0.7008 0.724 0.735 0.734 0.7481 0.7554 0.7635 0.7682 0.7652 0.7784 0.7851 0.788 0.7966 0.7964 0.8042 0.8067 0.8094 0.8152 0.8168 0.8216 0.8204 0.8249 0.8318 0.8324 0.836 0.835 0.8398 
====================model_negation
0 0.2876 0.5772 0.6269 0.6713 0.7217 0.736 0.744 0.758 0.7674 0.7727 0.7815 0.7853 0.7938 0.7967 0.8033 0.8085 0.8115 0.8194 0.8185 0.8252 0.8271 0.8247 0.8329 0.8308 0.834 0.8377 0.8357 0.8425 0.8424 0.8446 
====================model_negation
0 0.3442 0.5919 0.653 0.6973 0.7175 0.733 0.7338 0.7491 0.7575 0.7621 0.7741 0.7675 0.7833 0.7869 0.786 0.7972 0.7957 0.8054 0.8068 0.8101 0.8184 0.8172 0.8256 0.8235 0.8282 0.8315 0.829 0.8369 0.8318 0.8369 
====================model_negation
0 0.3227 0.5735 0.6312 0.6819 0.7065 0.7212 0.7257 0.7393 0.7439 0.7531 0.7575 0.76 0.7698 0.7746 0.7811 0.7859 0.7852 0.7904 0.7963 0.7976 0.8044 0.8017 0.8093 0.8096 0.8103 0.818 0.8155 0.8212 0.819 0.8223 
====================model_negation
0 0.3369 0.5754 0.662 0.7145 0.728 0.74 0.7379 0.7534 0.7587 0.765 0.7719 0.7764 0.7864 0.7918 0.7944 0.8016 0.8039 0.811 0.8132 0.8156 0.8209 0.8234 0.8281 0.827 0.8314 0.8338 0.8329 0.8386 0.8367 0.8423 
====================model_negation
0 0.3894 0.5915 0.6453 0.7073 0.7258 0.7375 0.7423 0.7543 0.7619 0.7687 0.7761 0.7779 0.7854 0.7895 0.793 0.7977 0.8011 0.8075 0.81 0.8128 0.8208 0.8228 0.8267 0.8279 0.8313 0.8353 0.8383 0.843 0.8399 0.8439 
====================model_negation
0 0.4381 0.5953 0.6547 0.6957 0.7093 0.7237 0.7271 0.7382 0.7423 0.7509 0.7602 0.7623 0.7739 0.7795 0.7799 0.7903 0.7924 0.8028 0.8059 0.8099 0.8178 0.8137 0.8247 0.8222 0.8259 0.8315 0.825 0.834 0.8329 0.8367 

====================grad_scale
0 0.4398 0.5969 0.6434 0.7074 0.7222 0.7338 0.7416 0.7516 0.7598 0.7675 0.7742 0.7783 0.7848 0.7869 0.7946 0.7991 0.8017 0.8058 0.8077 0.8128 0.8172 0.817 0.8214 0.8208 0.8252 0.828 0.8268 0.8326 0.829 0.8346 
====================grad_scale
0 0.4019 0.5927 0.6526 0.7145 0.7236 0.7367 0.7423 0.7531 0.7583 0.7653 0.7754 0.7765 0.7854 0.7904 0.7949 0.8037 0.8037 0.8116 0.8134 0.8171 0.8227 0.8231 0.8271 0.8289 0.831 0.8341 0.8347 0.8401 0.8417 0.8441 
====================grad_scale
0 0.3756 0.5886 0.6388 0.6932 0.719 0.7284 0.7296 0.7429 0.7468 0.7559 0.7624 0.7644 0.7755 0.7809 0.786 0.7912 0.7935 0.8017 0.8043 0.8086 0.812 0.8148 0.8187 0.8184 0.8227 0.8265 0.8253 0.829 0.8285 0.8329 
====================grad_scale
0 0.3178 0.5814 0.6449 0.6796 0.6987 0.7164 0.7257 0.7351 0.7437 0.7513 0.7552 0.7613 0.7721 0.7763 0.7803 0.7825 0.7888 0.7938 0.7948 0.796 0.8022 0.8026 0.8071 0.809 0.811 0.8151 0.8121 0.8191 0.8207 0.8203 
====================grad_scale
0 0.3955 0.5861 0.627 0.6947 0.7148 0.7321 0.7322 0.7515 0.7545 0.7621 0.7708 0.7697 0.7782 0.7849 0.7877 0.7944 0.7947 0.8011 0.8016 0.8084 0.815 0.8144 0.8177 0.8204 0.8228 0.8273 0.8248 0.8294 0.8312 0.8311 
====================grad_scale
0 0.3098 0.5892 0.6617 0.7043 0.722 0.7372 0.7355 0.7521 0.7567 0.7616 0.7696 0.7729 0.777 0.7859 0.79 0.795 0.7995 0.806 0.8061 0.8109 0.8179 0.8166 0.8231 0.8226 0.8246 0.8292 0.8293 0.8329 0.833 0.8326 
====================grad_scale
0 0.1068 0.5636 0.6186 0.6923 0.7148 0.7276 0.7354 0.7478 0.756 0.7623 0.7711 0.7727 0.7818 0.7884 0.7892 0.7988 0.8009 0.8048 0.8105 0.8101 0.8183 0.8193 0.8233 0.8232 0.8266 0.8322 0.8337 0.8345 0.8341 0.8366 
====================grad_scale
0 0.356 0.5778 0.6393 0.7054 0.7237 0.7349 0.739 0.7499 0.7574 0.7628 0.7684 0.7704 0.7785 0.7837 0.7862 0.7921 0.7918 0.7979 0.8004 0.8042 0.8096 0.811 0.8163 0.8157 0.8195 0.8234 0.8237 0.8309 0.8295 0.8334 
====================grad_scale
0 0.4387 0.5874 0.634 0.6992 0.7282 0.7374 0.7463 0.7586 0.765 0.7699 0.7776 0.7784 0.7875 0.7919 0.7965 0.8004 0.7969 0.8069 0.8105 0.8122 0.8187 0.8156 0.8211 0.8226 0.8245 0.8271 0.827 0.8308 0.8334 0.8333 
====================grad_scale
0 0.4023 0.6014 0.6609 0.7081 0.7202 0.7323 0.7339 0.7498 0.7532 0.7618 0.7681 0.768 0.7784 0.7851 0.7868 0.7954 0.793 0.8021 0.8076 0.8083 0.8153 0.8158 0.8205 0.8233 0.8268 0.8308 0.8296 0.8361 0.8336 0.8355 
====================

Label_Inversion
0 0.263 0.5729 0.6373 0.7037 0.7198 0.7318 0.7302 0.7483 0.7524 0.7605 0.7641 0.7676 0.7781 0.7836 0.7899 0.7965 0.7971 0.8025 0.8041 0.8088 0.8126 0.8112 0.8173 0.8184 0.8206 0.8248 0.8227 0.8282 0.8285 0.83 
====================Label_Inversion
0 0.3301 0.5745 0.6332 0.6721 0.7086 0.7294 0.7354 0.7473 0.7562 0.7598 0.7658 0.7671 0.7733 0.7779 0.7821 0.7869 0.7881 0.7947 0.7982 0.7981 0.8062 0.8076 0.8125 0.8125 0.8183 0.8197 0.8211 0.8232 0.8252 0.8268 
====================Label_Inversion
0 0.2791 0.5765 0.6322 0.6726 0.6917 0.7088 0.7166 0.7349 0.7445 0.7525 0.7574 0.7658 0.7753 0.7738 0.7812 0.7882 0.7893 0.7943 0.794 0.7971 0.8029 0.8037 0.8078 0.8081 0.8116 0.8153 0.8132 0.8201 0.8199 0.8222 
====================Label_Inversion
0 0.3548 0.5878 0.6515 0.7117 0.7284 0.7395 0.7425 0.7626 0.7686 0.7749 0.7841 0.784 0.7939 0.7955 0.8004 0.8053 0.8088 0.8134 0.8151 0.8221 0.8264 0.8298 0.8327 0.8349 0.8356 0.8393 0.8408 0.8455 0.8447 0.8486 
====================Label_Inversion
0 0.3132 0.5874 0.6515 0.7017 0.7204 0.7333 0.734 0.7522 0.7577 0.7652 0.7722 0.7708 0.7847 0.7874 0.7922 0.7985 0.8035 0.8107 0.813 0.815 0.8249 0.8224 0.8277 0.8251 0.8301 0.8352 0.8335 0.8378 0.8355 0.8407 
====================Label_Inversion
0 0.2775 0.5745 0.6409 0.7084 0.7214 0.736 0.7374 0.7498 0.7575 0.7637 0.7735 0.7732 0.7834 0.7895 0.7939 0.7987 0.7987 0.8076 0.8075 0.812 0.8193 0.8179 0.8235 0.8215 0.8252 0.8287 0.8279 0.8325 0.8303 0.8369 
====================Label_Inversion
0 0.3893 0.5837 0.6246 0.6709 0.7085 0.7246 0.7317 0.741 0.7502 0.7565 0.7653 0.7689 0.7765 0.7809 0.7875 0.7947 0.7928 0.7969 0.8058 0.8028 0.8113 0.8093 0.8148 0.8168 0.8172 0.8218 0.8221 0.8259 0.8292 0.8295 
====================Label_Inversion
0 0.3267 0.5814 0.6253 0.6806 0.7238 0.7354 0.7366 0.7506 0.7566 0.7612 0.7731 0.7732 0.7842 0.7866 0.7944 0.7983 0.8058 0.8077 0.8108 0.8175 0.8217 0.8274 0.8289 0.8282 0.8337 0.8354 0.8358 0.8385 0.834 0.8405 
====================
0 0.3893 0.5837 0.6246 0.6709 0.7085 0.7246 0.7317 0.741 0.7502 0.7565 0.7653 0.7689 0.7765 0.7809 0.7875 0.7947 0.7928 0.7969 0.8058 0.8028 0.8113 0.8093 0.8148 0.8168 0.8172 0.8218 0.8221 0.8259 0.8292 0.8295
====================Label_Inversion
0 0.3267 0.5814 0.6253 0.6806 0.7238 0.7354 0.7366 0.7506 0.7566 0.7612 0.7731 0.7732 0.7842 0.7866 0.7944 0.7983 0.8058 0.8077 0.8108 0.8175 0.8217 0.8274 0.8289 0.8282 0.8337 0.8354 0.8358 0.8385 0.834 0.8405


### 50%
gaussian
0 0.2992 0.5801 0.6471 0.7033 0.7247 0.7352 0.7391 0.7543 0.7643 0.772 0.7791 0.78 0.7858 0.7926 0.7974 0.8028 0.8051 0.8072 0.8068 0.8139 0.8209 0.8222 0.8271 0.8248 0.832 0.8343 0.8324 0.8376 0.8379 0.8399 
====================gaussian
0 0.4072 0.5907 0.6528 0.7055 0.7201 0.7355 0.7377 0.7498 0.7576 0.7603 0.7666 0.7692 0.7762 0.7812 0.7858 0.7903 0.7918 0.7983 0.8041 0.8064 0.814 0.816 0.8196 0.8216 0.824 0.8274 0.829 0.8323 0.8341 0.8362 
====================gaussian
0 0.1 0.546 0.6333 0.6985 0.722 0.7323 0.7289 0.7488 0.7565 0.7592 0.7701 0.7678 0.7818 0.7887 0.7923 0.7982 0.7983 0.8033 0.8052 0.8069 0.8139 0.8161 0.8196 0.8221 0.8237 0.8286 0.831 0.8339 0.8346 0.8367 
====================gaussian
0 0.2978 0.5905 0.6484 0.706 0.7262 0.7382 0.739 0.7536 0.7607 0.7669 0.7739 0.7735 0.7819 0.7873 0.7902 0.7958 0.8012 0.8034 0.8071 0.8096 0.8143 0.8173 0.8221 0.8223 0.8244 0.8294 0.8319 0.8322 0.8325 0.8375 
====================gaussian
0 0.2556 0.5817 0.6381 0.7005 0.7195 0.7319 0.731 0.7507 0.756 0.7618 0.7709 0.766 0.7774 0.7843 0.7856 0.7943 0.7887 0.8007 0.8045 0.809 0.8145 0.8116 0.8202 0.8182 0.8267 0.8316 0.8282 0.8345 0.8295 0.8393 
====================gaussian
0 0.287 0.5679 0.6456 0.7037 0.7199 0.7295 0.7383 0.7478 0.7555 0.7641 0.773 0.773 0.7842 0.7873 0.791 0.7962 0.7961 0.8017 0.8048 0.8077 0.8145 0.8186 0.8235 0.8243 0.8269 0.8316 0.831 0.8351 0.834 0.8383 
====================gaussian
0 0.3892 0.6039 0.6627 0.6998 0.7174 0.7313 0.73 0.7441 0.7478 0.7554 0.7638 0.7631 0.7717 0.777 0.7809 0.7884 0.7885 0.7959 0.7978 0.8005 0.8071 0.8044 0.8108 0.8093 0.8137 0.8192 0.8164 0.8241 0.8192 0.8244 
====================gaussian
0 0.2071 0.5851 0.6337 0.6827 0.7042 0.7216 0.7266 0.7384 0.7401 0.7458 0.7528 0.7497 0.7602 0.769 0.771 0.7775 0.7742 0.783 0.7904 0.7942 0.7966 0.7959 0.8017 0.8051 0.8076 0.8094 0.8109 0.8158 0.8155 0.8188 
====================gaussian
0 0.3756 0.6015 0.6761 0.7118 0.7222 0.7329 0.7378 0.7495 0.7562 0.7605 0.7705 0.7703 0.7806 0.7862 0.7858 0.7964 0.7928 0.8024 0.8069 0.8074 0.812 0.8137 0.8181 0.8171 0.8214 0.8246 0.8262 0.8293 0.8257 0.8334 
====================gaussian
0 0.3987 0.5947 0.6383 0.7024 0.7229 0.7351 0.7345 0.7507 0.7548 0.7639 0.7711 0.7736 0.7843 0.7876 0.789 0.7974 0.7944 0.802 0.8054 0.8041 0.8132 0.8083 0.8161 0.8171 0.8191 0.8255 0.8219 0.8268 0.8278 0.8289 


====================grad_scale
0 0.1619 0.5686 0.6204 0.6901 0.7158 0.7274 0.7314 0.7449 0.7515 0.7606 0.7693 0.7704 0.7828 0.7819 0.7906 0.7956 0.7957 0.8007 0.8007 0.8045 0.8068 0.8108 0.8162 0.8169 0.8163 0.8205 0.8248 0.8283 0.8237 0.8296 
====================grad_scale
0 0.4176 0.6024 0.6812 0.7129 0.7265 0.7363 0.7449 0.7553 0.7595 0.7664 0.7761 0.776 0.7871 0.7902 0.7968 0.8013 0.8022 0.8075 0.8112 0.8135 0.8171 0.8179 0.8262 0.8236 0.8313 0.833 0.8305 0.8409 0.8332 0.8439 
====================grad_scale
0 0.3686 0.588 0.6433 0.697 0.7177 0.7333 0.7361 0.7489 0.7544 0.7623 0.7677 0.7726 0.7764 0.7829 0.7895 0.7959 0.7965 0.8031 0.805 0.8049 0.8138 0.8117 0.8204 0.8201 0.8221 0.8265 0.8253 0.83 0.8294 0.8333 
====================grad_scale
0 0.3545 0.5914 0.6454 0.7045 0.7211 0.7315 0.7428 0.7512 0.7591 0.7655 0.7729 0.7755 0.7828 0.7868 0.7882 0.794 0.7928 0.7999 0.8056 0.8074 0.8095 0.8127 0.8179 0.8179 0.8206 0.8208 0.8248 0.8283 0.8286 0.832 
====================grad_scale
0 0.4202 0.6015 0.6673 0.7148 0.7288 0.7367 0.7416 0.7585 0.7666 0.7705 0.7768 0.7745 0.7864 0.7896 0.7956 0.7997 0.8045 0.8104 0.8148 0.8174 0.823 0.8262 0.83 0.8343 0.8366 0.8363 0.8387 0.841 0.8438 0.8466 
====================grad_scale
0 0.3072 0.5628 0.6535 0.708 0.7225 0.7369 0.7404 0.7534 0.7602 0.769 0.7784 0.7785 0.7915 0.7989 0.8038 0.8127 0.8147 0.8184 0.8216 0.8228 0.827 0.8305 0.8309 0.8324 0.8344 0.8385 0.839 0.8413 0.8435 0.8441 
====================grad_scale
0 0.3593 0.5707 0.6522 0.6964 0.7156 0.7292 0.7353 0.7454 0.7503 0.7588 0.7679 0.7607 0.7754 0.7794 0.785 0.7929 0.7846 0.7994 0.8033 0.8066 0.8156 0.813 0.8203 0.8219 0.8264 0.8289 0.8296 0.8346 0.8318 0.8395 
====================grad_scale
0 0.4091 0.5961 0.6402 0.6927 0.7189 0.7311 0.7325 0.7482 0.7539 0.7577 0.7652 0.7676 0.7732 0.7768 0.7823 0.787 0.7881 0.7922 0.796 0.7985 0.8043 0.8077 0.8092 0.8104 0.8135 0.818 0.8168 0.8213 0.8223 0.8232 
====================grad_scale
0 0.3821 0.5835 0.6213 0.6631 0.7158 0.7306 0.7396 0.7496 0.7556 0.7624 0.7694 0.7725 0.7792 0.7847 0.7857 0.7924 0.7944 0.8014 0.8061 0.8077 0.8153 0.8155 0.82 0.8225 0.8242 0.8273 0.827 0.8305 0.8298 0.8341 
====================grad_scale
0 0.4208 0.5952 0.6637 0.7163 0.7281 0.7399 0.7453 0.7587 0.7651 0.7687 0.7803 0.774 0.7879 0.793 0.7962 0.8041 0.8061 0.8107 0.8164 0.8212 0.8239 0.8268 0.8313 0.8337 0.8416 0.8421 0.8404 0.8468 0.8421 0.8541 


====================model_negation
0 0.4046 0.6015 0.6593 0.7048 0.7207 0.7362 0.7435 0.7533 0.7592 0.7678 0.7767 0.7788 0.7885 0.7884 0.794 0.8024 0.8054 0.8111 0.8116 0.8153 0.8216 0.8224 0.8279 0.8295 0.833 0.8351 0.8342 0.8405 0.8401 0.8443 
====================model_negation
0 0.269 0.581 0.6293 0.6778 0.7049 0.7231 0.7327 0.7458 0.7521 0.7592 0.7685 0.7741 0.7814 0.7853 0.7869 0.7965 0.8003 0.8052 0.8065 0.8082 0.8168 0.8144 0.8201 0.8217 0.822 0.828 0.8291 0.8312 0.8326 0.8345 
====================model_negation
0 0.4214 0.5976 0.6424 0.7002 0.7185 0.7313 0.7341 0.7451 0.7517 0.7596 0.7683 0.7654 0.7792 0.7865 0.79 0.7944 0.7939 0.8017 0.801 0.8034 0.8085 0.8102 0.8135 0.8168 0.8179 0.8227 0.8253 0.8291 0.8272 0.8323 
====================model_negation
0 0.3901 0.5789 0.6294 0.6811 0.716 0.7272 0.7317 0.7464 0.7524 0.7596 0.7669 0.7699 0.7768 0.7826 0.7859 0.7912 0.7914 0.7992 0.7999 0.8039 0.8092 0.8064 0.8127 0.8137 0.8152 0.8198 0.8168 0.8229 0.8235 0.8245 
====================model_negation
0 0.3311 0.5834 0.6387 0.7025 0.7224 0.7341 0.7405 0.7545 0.7637 0.7664 0.7742 0.7739 0.7851 0.7904 0.7964 0.8007 0.8044 0.8108 0.8173 0.8186 0.8236 0.8266 0.8306 0.8318 0.8361 0.8385 0.8393 0.8397 0.8409 0.8424 
====================model_negation
0 0.3353 0.5947 0.6552 0.7058 0.7221 0.7341 0.7411 0.7549 0.7602 0.7664 0.7725 0.7727 0.7827 0.7865 0.7909 0.797 0.7985 0.8071 0.8103 0.8124 0.8189 0.8226 0.828 0.8271 0.8311 0.8356 0.8374 0.8397 0.8396 0.8429 
====================model_negation
0 0.3271 0.5884 0.6539 0.6973 0.714 0.7276 0.7301 0.7405 0.7481 0.7539 0.7606 0.763 0.7709 0.7763 0.7821 0.7887 0.7851 0.7965 0.7999 0.8032 0.8102 0.8107 0.8165 0.8179 0.8202 0.8252 0.8265 0.8305 0.8318 0.8332 
====================model_negation
0 0.3769 0.6071 0.6805 0.7123 0.7235 0.7343 0.7367 0.7473 0.7523 0.7565 0.7674 0.762 0.7806 0.783 0.7884 0.796 0.7933 0.8031 0.8088 0.8106 0.8162 0.8146 0.8204 0.8225 0.8251 0.8284 0.8271 0.8339 0.8314 0.8363 
====================model_negation
0 0.3114 0.587 0.6554 0.7123 0.7258 0.7393 0.7408 0.7588 0.7627 0.7676 0.7777 0.7736 0.7847 0.787 0.7928 0.7994 0.8029 0.8097 0.812 0.8163 0.8237 0.8246 0.8266 0.8266 0.8297 0.8342 0.8359 0.8387 0.84 0.8419 
====================model_negation
0 0.3971 0.5913 0.6549 0.696 0.7144 0.7254 0.7283 0.7425 0.7486 0.7576 0.766 0.7676 0.7719 0.7813 0.7862 0.791 0.7951 0.7972 0.8022 0.8054 0.8125 0.81 0.8148 0.818 0.8215 0.8254 0.8197 0.8271 0.8283 0.8294 


====================label_inver
0 0.2323 0.569 0.6302 0.6844 0.7097 0.7246 0.733 0.7475 0.7525 0.7624 0.7659 0.7723 0.7778 0.7838 0.7879 0.7971 0.7975 0.8044 0.8062 0.8083 0.8165 0.8169 0.8238 0.8239 0.8273 0.8325 0.8296 0.838 0.8382 0.8364
====================label_inver
0 0.4158 0.5931 0.6424 0.6968 0.7163 0.7318 0.732 0.7454 0.7518 0.7578 0.7632 0.7679 0.7761 0.7788 0.7826 0.7885 0.7935 0.7985 0.7994 0.8045 0.8094 0.8073 0.814 0.8143 0.817 0.8228 0.8191 0.8254 0.8221 0.8293
====================label_inver
0 0.4929 0.5974 0.6734 0.7073 0.7235 0.732 0.7379 0.7478 0.7551 0.7555 0.7662 0.7642 0.7742 0.7783 0.7813 0.7881 0.7867 0.795 0.7958 0.8037 0.8076 0.8128 0.8191 0.8201 0.8242 0.8263 0.8297 0.8311 0.832 0.8353
====================label_inver
0 0.3474 0.5895 0.6453 0.7043 0.7212 0.7329 0.7394 0.7523 0.7613 0.766 0.7751 0.7735 0.7859 0.7913 0.7928 0.8006 0.8011 0.8055 0.8079 0.811 0.8186 0.8161 0.8217 0.8204 0.824 0.8296 0.827 0.8358 0.8304 0.8382
====================label_inver
0 0.2785 0.5476 0.6231 0.6675 0.6972 0.7217 0.7321 0.7406 0.7483 0.7546 0.7612 0.7635 0.7739 0.7762 0.7841 0.7879 0.7918 0.7969 0.7979 0.7997 0.8062 0.8054 0.8083 0.812 0.8117 0.8158 0.8137 0.8199 0.8224 0.8208
====================label_inver
0 0.3602 0.5891 0.6556 0.7001 0.7211 0.7308 0.7383 0.7469 0.7541 0.7634 0.7689 0.7728 0.7815 0.7887 0.79 0.7953 0.7975 0.8027 0.8062 0.808 0.8149 0.817 0.8203 0.8214 0.8243 0.8291 0.8277 0.8324 0.8326 0.8352
====================label_inver
0 0.3515 0.5901 0.6463 0.7032 0.7188 0.7298 0.7361 0.7464 0.7514 0.7587 0.7688 0.7714 0.7806 0.7819 0.7896 0.7944 0.7963 0.8046 0.8053 0.8107 0.8132 0.816 0.8225 0.8232 0.828 0.8272 0.8298 0.8352 0.8358 0.8376
====================label_inver
0 0.2831 0.5678 0.6605 0.7133 0.7277 0.74 0.7458 0.7578 0.7655 0.7702 0.7799 0.7779 0.7854 0.7918 0.7936 0.799 0.7998 0.8066 0.8125 0.8155 0.822 0.8252 0.8292 0.8325 0.8349 0.837 0.8388 0.8434 0.8427 0.8457
====================label_inver
0 0.2737 0.5664 0.6315 0.6972 0.7197 0.7339 0.7323 0.75 0.758 0.761 0.7693 0.7693 0.7796 0.7842 0.7895 0.7976 0.8015 0.8085 0.8118 0.8135 0.82 0.8188 0.8231 0.8254 0.8278 0.8307 0.832 0.835 0.8343 0.8376
====================label_inver
0 0.3819 0.5894 0.6222 0.6746 0.7233 0.7339 0.7395 0.7518 0.758 0.7646 0.7686 0.7733 0.7787 0.7825 0.7864 0.7933 0.7939 0.7995 0.8048 0.8067 0.8107 0.8154 0.821 0.8213 0.8252 0.8295 0.8288 0.8347 0.836 0.8393
====================


0 0.4055 0.5983 0.6567 0.7056 0.7207 0.7298 0.7299 0.7457 0.753 0.7561 0.761 0.7678 0.7732 0.78 0.7831 0.7892 0.7924 0.7985 0.795 0.8021 0.808 0.8088 0.8129 0.8144 0.8163 0.8207 0.8212 0.8256 0.8242 0.8264
====================0_byzantine
0 0.3127 0.5939 0.6347 0.6891 0.7174 0.7313 0.7383 0.7499 0.7556 0.7618 0.7675 0.7712 0.7792 0.7815 0.7861 0.7921 0.7936 0.8018 0.8033 0.8052 0.8103 0.8087 0.8164 0.816 0.8182 0.8229 0.8189 0.827 0.8264 0.8294
====================0_byzantine
0 0.3391 0.5828 0.6353 0.6944 0.7166 0.7297 0.7297 0.7479 0.7538 0.7604 0.7647 0.7654 0.7745 0.7804 0.7841 0.7892 0.79 0.7965 0.7992 0.8 0.8064 0.8036 0.8124 0.8111 0.8197 0.8233 0.8242 0.828 0.8245 0.8334
====================0_byzantine
0 0.3191 0.5793 0.6418 0.693 0.7161 0.7297 0.7281 0.7466 0.7497 0.7585 0.7643 0.7603 0.7704 0.7751 0.7803 0.7843 0.7831 0.7908 0.795 0.7994 0.8056 0.8053 0.8081 0.8076 0.8144 0.8199 0.8208 0.823 0.8191 0.8257
====================0_byzantine
0 0.1995 0.5789 0.6207 0.6877 0.7125 0.7279 0.7317 0.7451 0.7497 0.7564 0.7666 0.7653 0.7791 0.7825 0.786 0.7957 0.7922 0.8031 0.8058 0.8055 0.8153 0.8135 0.8222 0.8202 0.8234 0.8288 0.8277 0.8343 0.8318 0.8365
====================0_byzantine
0 0.3958 0.5746 0.6293 0.6851 0.7211 0.7357 0.7371 0.7524 0.76 0.7672 0.7775 0.7763 0.785 0.789 0.7936 0.7989 0.8009 0.8061 0.8056 0.809 0.8164 0.8122 0.8198 0.8194 0.8218 0.826 0.8273 0.8304 0.8301 0.8331
====================0_byzantine
0 0.369 0.6012 0.6714 0.7145 0.7267 0.7388 0.7408 0.7536 0.7642 0.7677 0.7752 0.7735 0.7842 0.7877 0.7898 0.7963 0.8049 0.8085 0.8083 0.8144 0.8196 0.8203 0.8222 0.8215 0.8258 0.8295 0.8319 0.8346 0.8327 0.8369
====================0_byzantine
0 0.1913 0.5672 0.626 0.6899 0.7192 0.7328 0.7383 0.7526 0.7573 0.7691 0.7751 0.7767 0.7831 0.7902 0.7899 0.7973 0.7974 0.8035 0.807 0.8078 0.8127 0.8135 0.8193 0.8193 0.8213 0.8271 0.8261 0.8298 0.8291 0.8348
====================0_byzantine
0 0.3627 0.5853 0.6516 0.7022 0.7196 0.7314 0.7408 0.7497 0.7575 0.7624 0.7726 0.7724 0.7829 0.7865 0.7881 0.7964 0.797 0.8051 0.8085 0.809 0.8167 0.8198 0.8219 0.8234 0.826 0.8309 0.8313 0.8319 0.8303 0.8391
====================0_byzantine
0 0.3008 0.5787 0.6421 0.6933 0.7141 0.7283 0.7324 0.7445 0.7513 0.7554 0.7653 0.7675 0.7765 0.7828 0.7842 0.7936 0.7886 0.7977 0.8007 0.7997 0.8079 0.8019 0.8119 0.8184 0.8164 0.822 0.8202 0.8275 0.8299 0.8323
====================0_byzantine
