2.4650565719563056 2.9489140017661084 2.3886960942850806 
3.6171085492709167 3.7695423120177294 2.4854022222058525 
3.640692957982184 3.837353850924991 3.9484699457267594 
4.754485305038624 3.715907850466848 4.252735629093579 
5.595985114172336 4.111852028369638 5.611961007597741 
5.838346927186871 4.5072411397479755 5.193736489577108 
6.135016216731162 4.908063041896644 5.2637065246560155 
10.372270013873866 6.7094295213880235 7.415081874492634 
11.382271856923147 7.482327728580762 7.644756987948902 
12.453143303838683 8.015397858453175 9.398477925238325 
13.330222680017645 10.082696842428494 10.154278455936847 
15.361638066503346 12.465952666464837 11.259346118455458 
17.581515575188327 14.793199080303275 12.7808313534742 
19.125170357236865 16.423764630946724 15.236874027117562 
20.804554084909338 18.066909347231704 17.692353699205874 
23.692631453898652 20.43186721890293 22.822693855422767 
25.611150121703687 22.92754556838137 24.09849587486311 
27.18831605940909 25.411106434732883 24.31685659798663 
31.542514137205806 26.501948024012357 25.76784798921224 
30.009532475750873 27.814686875625693 26.982874665271332 
31.54640916413824 28.85136702676428 28.056759203113106 
36.30334594035332 30.659008838167367 29.061252168403392 
35.265267364662265 30.63304811613834 29.44648282523176 
36.02218748884493 33.54612925265454 34.327677910733534 
39.14676773662929 35.67592278123137 40.07012975744438 
40.36999131787509 35.44759049384106 40.912477864393566 
40.9413896023359 37.68949608984278 40.13798991593819 
44.54236580014853 37.98379534459911 44.50360542919525 
45.20497294812189 40.18581230039295 43.1173392270654 
45.23212579285287 41.16614944685689 43.42126341009821 
44.57082048163221 40.56408186775789 43.334949489596056 
51.99259295870414 43.31589257288333 45.87323338664194 
50.98872794783652 45.35420402479889 45.46258354312508 
54.731691291185626 45.83785218208614 46.757546994340984 
55.68481015290075 46.53632144567281 46.33203660462452 
56.94093966403656 47.39459919534757 49.039555986431765 
59.01819546779355 49.001301730145684 47.52234364070779 
57.97926808792825 47.54535459648287 48.73245841569741 
59.07861129818524 48.01611549941845 49.05507845185821 
66.11394588595844 51.401120455512824 56.44909060552729 
67.83325978752316 50.449487042702906 59.73983796983234 
67.35884314918223 52.217359144047755 59.373928509712144 
68.60804965938372 50.87195759220985 59.13401651333339 
69.20020197129222 52.64739525178694 64.26841289223302 
69.17105367183184 56.344208289150274 63.296175103046835 
71.35878695853013 59.533064830775665 65.79690516078865 
69.50309147949363 57.56564746906584 65.4428920227936 
76.33994827173163 63.15604665635911 68.07253128432241 
75.16506387629045 59.287094969636655 67.94144347263764 
75.70090241987918 57.57147153256766 68.29022315545227 
73.85369539962733 57.94063439943491 66.49703478494558 
76.95689596061382 57.9401470288412 68.46834404517848 
76.09008422573193 58.155759284067756 67.75970832068384 
77.95132405077484 59.64635318915049 73.53956816226157 
78.07188819910343 59.47258730745693 68.70611845747966 
79.60890413976793 64.83218882803584 71.52304264061969 
81.28020568504152 64.9138502796431 73.30962625628356 
81.33217555880461 66.04291872764614 75.3079211814119 
81.23521739047675 67.14637558204194 73.27474207087069 
80.68903398189858 66.86221950646461 73.00535013127143 
81.17366093539542 67.67738078415647 73.53288623379342 
83.17957618901522 67.29551665144723 75.73474427664434 
83.5323001331902 68.88872059075092 75.54373718289244 
88.60992676477126 73.41086615994394 79.86580226408802 
90.27660099987516 73.78110441562077 81.25273766087133 
91.19720345441348 74.6229406072849 80.34310273277839 
91.68680734559189 73.4236721045932 80.81255829077267 
90.91903797531008 73.6971012320741 79.81650280786948 
92.44553941949003 73.8637573789321 81.8977022617511 
94.28802329009537 74.7003482019545 78.45919542797027 
93.40166996614394 74.29943600921992 80.51878693230347 
89.76849607569505 71.67547940350424 79.08132522133137 
91.61777817275028 72.63990393194322 82.24984661273707 
96.19405805445584 74.0710863952678 83.16156263636373 
96.95091520717352 74.45388592701528 82.69005324575538 
95.60903812964614 74.33958050367939 85.82738226006451 
101.02865011951594 76.72723003332304 85.83202649422117 
96.30039337571202 77.30229678278015 86.44137782507623 
98.05004983950288 78.25607796023158 86.79309007125003 
99.08463436034444 84.75151575947599 90.06380941848334 
100.32485325903173 89.70000136071349 93.93846398705305 
100.31314783941637 86.8048366343766 89.66852421594633 
95.83054561720749 87.0277087459586 94.53313968757524 
97.67394313331216 88.11893422619976 89.50225444941262 
95.26380202674115 87.39787596142558 89.5932793134735 
98.53370932657067 88.82618912549492 90.10043363828697 
97.97102957724942 88.94385991075737 92.36170155275066 
98.81387505755012 88.62266808793295 87.52757791119869 
99.50200453601882 88.6669802084077 86.95631736534294 
100.23695654332585 87.78797860115003 88.76725410124189 
101.74244271463847 88.89907010365584 89.13596422948041 
101.70857029872103 86.32671947440446 88.27811250109897 
101.24909751261333 88.36960684409775 87.93847576277932 
101.13211623050817 87.44249359939641 88.65814615539819 
101.80625024739933 89.20109896492599 88.55677144171025 
103.75001564563973 92.74599136791875 88.66252937188285 
103.3320870882926 92.48662475016869 88.01221449741908 
104.13842773709277 94.65783345836705 88.52934477541488 
104.01685523685624 94.20513496395893 89.64562602724538 
104.31831230990065 97.87386030243346 90.54811337595825 
104.04052280766774 97.177569761165 89.65611784120209 
106.20490028460142 100.92935720561078 89.93999770245827 
108.01405965128924 104.5236072842296 91.75374082385562 
110.51805470478416 108.7656879674912 91.72877809005583 
112.64069409111161 109.37163056461944 93.02158680997731 
109.24214282572541 111.31304734607227 92.87412323699851 
109.9615461292336 112.61122724330747 93.3731275009792 
111.36673195583549 109.73142687012896 93.7901829624908 
112.21124390153909 113.51244586987413 95.2112492222911 
111.57863634154657 110.02026450707714 94.49187926845187 
113.71101803662609 110.35746930483714 94.36398528103571 
122.18465722196842 104.88148105061535 99.8222672633438 
124.04189026516434 100.25878785085749 100.04250207291491 
126.09222323902318 104.36778946802725 99.96497839931583 
123.29914460304057 99.95640877177416 101.07983078538305 
126.29334420494533 100.75890143956707 102.02412204118149 
130.3451909193875 102.3805543693554 100.94347878768819 
128.06527411488813 101.51155942752922 103.43623950920355 
136.44843607549632 101.1985793997919 109.31541396903215 
127.82897823260049 110.757403864545 105.2049272041216 
132.62772657296003 111.30003480273996 105.36710781079773 
127.8681399712722 109.07435820481604 105.52205307195621 
136.54831814055376 112.24897956526468 106.07102181877136 
133.2493780279372 112.3150131162277 104.99328728120564 
132.49837309100553 114.28406139726113 106.47873368985951 
129.6029734289503 113.08896040805533 107.48651657333424 
133.38533441051027 113.24794433686276 106.06622229381753 
138.9962141441936 116.68181231592919 113.5279186079282 
141.40142499527929 116.39300486813784 114.90586022027671 
138.58721050151752 114.43653707401415 113.97229359877183 
138.4220520648754 117.39757216202929 115.5604042356212 
140.2905384363522 118.2746050256459 116.58723382307605 
143.56031737298935 117.78203695454489 123.42970250992201 
140.97546757199973 119.84284752817499 121.10268707819665 
143.60633040192906 121.83225583816584 120.03279892510037 
138.38276163639878 116.63800701911148 125.019841006296 
139.74914406039304 121.37882335440254 125.89403330908439 
142.28817231984675 117.91850130865318 125.23605020353665 
142.43722408768792 118.5738827049882 129.1502343857463 
141.90025844613018 118.1030080137842 130.448969630193 
143.20870047198468 116.23615644682093 126.8493572842628 
141.8961522234456 119.57429496626746 127.62996506507037 
142.52721275837774 115.79851100093556 125.51608272261541 
154.49323148006437 126.86274608752458 133.32959210895362 
148.82124271942328 121.71220984784291 134.73460437858773 
155.2178003811414 122.84394753527037 127.45290568869693 
151.95252661021865 121.9379768911106 134.3339341409838 
155.66665564165382 122.46036590170091 133.7176045183997 
153.4687780688488 122.62107613642655 134.24758012581702 
152.96592070151692 124.35330314277425 134.00175674122 
157.63309318297576 126.54372754038448 136.01200201711453 
152.28590491418578 131.37553562973187 136.6635106216151 
155.32811304579337 130.47995286426476 137.2643204917191 
148.7229347164695 129.23198378951747 135.31952239664696 
153.2802847125514 128.41220812016013 136.30203741052406 
151.7637701383696 131.8948725994116 137.1196201778709 
153.65991599382687 132.61712533547558 139.84289965656615 
147.78682530190446 130.8368799638811 139.25755336426943 
151.7865548943226 132.92052987887 142.58711386896056 
147.31983492314842 128.4815798275243 146.56612574920143 
153.53132358155102 129.36598845257916 149.34802657542565 
153.07010020319024 131.19383078200576 144.741904590902 
151.3753583623744 130.61026625767684 145.12817515704472 
157.15889169706003 130.7144607524445 150.1807083776061 
148.36927679827497 127.3763670409252 145.911190747881 
154.08640571985046 133.26977213418803 151.07734379389964 
154.36687227315076 129.94482255089204 153.35395449416382 
159.9995389419734 132.78480642356857 150.04407097238453 
159.58705598116288 134.33239536969913 151.12608970602244 
164.27625103519324 133.62602771393998 151.81154791889344 
163.33549066920887 136.3996262139648 150.7906729837311 
165.17515020060188 135.07343833594246 152.07225218438373 
163.77812909517016 135.17965352139916 148.12203979086866 
165.74558378633478 135.26865178601338 151.27263876455402 
161.85750944611658 135.8364179401339 151.88808607657865 
162.33432436088214 132.59515882629228 150.10443147332526 
160.79399151534508 133.83860338949404 150.17743385499745 
162.80665467598533 133.36800886278095 153.38391032121422 
162.15708056173784 134.43203139420422 153.7612222945253 
158.9487194576313 136.4582260255142 151.11631828538918 
163.10823435579238 134.9537240661174 153.32477657699366 
161.42216188616902 137.54999298276604 155.02326890186168 
157.6306002258526 135.29455796207856 154.34173827590269 
184.26591492785698 141.49897470367915 168.94646464713654 
185.77158832621606 141.86384612120173 167.5081504190284 
183.30346599199277 143.38125531075215 170.7251843012896 
188.7427541578117 144.55880392451493 168.20405090866996 
187.129622980396 141.48207240685846 176.11326829343895 
191.30989453479802 140.9396349644064 165.92537586902216 
185.46022951782606 141.8006551835271 170.0169338536063 
186.893662411585 137.77559577960278 166.54353158020467 
186.20279845259455 142.6357301088629 160.5701071218793 
184.3811024855276 137.3352934745543 160.1473201686086 
181.4849597603661 139.3178540055356 155.85848738381932 
182.16964304083857 139.19888101740906 157.7240879225484 
181.38703799510915 136.51986015505702 157.12875004586928 
184.53234713084515 136.84919974628477 157.84397982778162 
179.76955773723483 137.49952553938493 153.3673970126289 
188.43672736468938 137.85143762287825 156.91045724394792 
191.4070608481984 136.8104832015664 157.01974446869872 
197.04994944644227 137.3079971206588 158.8647301996471 
193.51056243615542 136.53443437813712 157.85556574139753 
199.05961250654275 137.2845978705825 158.6000799554534 
197.80669327054636 139.3520614816307 157.00271319800441 
198.51019516582232 139.43750737121928 157.65527338142002 
197.53054228092824 137.3465358726557 156.23444335164027 
200.87359615253644 141.89408066939762 157.4807807753969 
193.63994218418944 138.8421599922067 149.993078710619 
192.66554080494362 137.30161752445116 150.00929998633785 
191.77122889751422 146.3336790578359 149.24536158305207 
188.71626406973388 144.15644420380656 148.18810731810947 
185.80777188969142 142.1099708972031 148.68860291276906 
185.31782270219273 145.2319891000251 147.25435716697817 
185.80561553548677 138.57574109558306 147.77165205137902 
187.21558234545574 143.2238287482224 147.46768351314802 
189.6083223724708 140.6015139182686 144.56832264311075 
193.38806830280183 143.32038491667834 147.5377657240938 
194.01360545552546 141.22440240028783 146.88580432472125 
196.7341946160291 143.20785634519498 148.38305555684178 
195.23810119119463 140.72970471693998 147.70406137847542 
196.74649933856418 142.71207436344952 148.0774580430933 
198.79536542456492 142.172896356767 150.49104872601325 
195.4696041894713 141.866278125284 148.59489971838673 
203.41424754284134 148.10968252486836 154.25413466338065 
201.12790821815423 151.2326787502985 152.55340796848378 
203.27955375887626 148.11028226080114 153.19459869644174 
203.79110583051215 155.01066568950085 152.65632466608022 
203.856274911977 152.55774345885442 151.7524136746916 
203.3562453123153 155.48778372438417 154.44774671796304 
206.84854253082403 153.46758163909013 154.50681999404776 
206.7765958840933 156.4162726552147 155.16638748939286 
217.49407073914716 157.9860334557095 158.02928276590072 
217.23436904575297 167.7308809098648 158.80547378496934 
215.72698988444245 161.26008609180764 158.4539715620895 
218.12105344373552 166.48043047858712 160.43638597541621 
213.19728853500456 165.59704099975946 159.14193153995157 
212.305700507422 166.86112493398755 158.7614040179322 
214.26727226935256 164.5539348395435 159.32307017066788 
209.74435568505027 165.12748586806117 158.58767059694247 
213.32927767973422 164.72822691181273 161.15857957688914 
