nomal
0 0.11 0.106 0.106 0.106 0.106 0.106 0.106 0.106 0.106 0.106 0.106 0.104 0.104 0.104 0.104 0.11 0.11 0.11 0.104 0.11 0.11 0.11 0.118 0.22 0.294 0.296 0.304 0.404 0.49 0.53 0.578 0.59 0.608 0.632 0.676 0.682 0.69 0.724 0.736 0.75 0.764 0.754 0.752 0.764 0.756 0.756 0.786 0.796 0.786 0.768 0.776 0.784 0.792 0.788 0.798 0.808 0.798 0.794 0.816 0.826 0.816 0.816 0.812 0.82 0.824 0.812 0.822 0.826 0.83 0.826 0.832 0.832 0.834 0.836 0.834 0.836 0.836 0.838 0.844 0.832 0.84 0.848 0.844 0.846 0.842 0.836 0.844 0.842 0.842 0.85 0.844 0.836 0.834 0.842 0.852 0.858 0.86 0.854 0.854 0.848 0.848 0.848 0.834 0.848 0.86 0.858 0.844 0.854 0.846 0.838 0.848 0.856 0.83 0.848 0.842 0.862 0.848 0.856 0.858 0.86 
====================nomal
0 0.094 0.136 0.094 0.094 0.114 0.114 0.114 0.114 0.094 0.094 0.094 0.094 0.136 0.094 0.114 0.114 0.114 0.114 0.114 0.186 0.136 0.136 0.102 0.202 0.244 0.262 0.288 0.306 0.428 0.548 0.592 0.602 0.62 0.62 0.612 0.632 0.674 0.712 0.698 0.718 0.718 0.706 0.732 0.726 0.736 0.764 0.762 0.766 0.774 0.758 0.764 0.764 0.772 0.778 0.78 0.782 0.78 0.774 0.79 0.796 0.804 0.792 0.8 0.792 0.806 0.808 0.802 0.812 0.82 0.812 0.822 0.816 0.812 0.826 0.822 0.818 0.818 0.82 0.822 0.828 0.82 0.832 0.828 0.832 0.83 0.828 0.828 0.826 0.826 0.84 0.842 0.832 0.838 0.848 0.84 0.832 0.838 0.838 0.846 0.832 0.848 0.85 0.84 0.838 0.846 0.838 0.842 0.838 0.836 0.85 0.84 0.844 0.854 0.836 0.84 0.844 0.842 0.852 0.844 0.844 
====================nomal
0 0.094 0.094 0.094 0.094 0.102 0.102 0.102 0.102 0.102 0.102 0.102 0.102 0.102 0.102 0.096 0.096 0.096 0.118 0.096 0.102 0.148 0.096 0.12 0.202 0.24 0.274 0.29 0.378 0.5 0.582 0.602 0.616 0.636 0.65 0.658 0.672 0.676 0.672 0.708 0.746 0.748 0.738 0.748 0.754 0.746 0.758 0.774 0.774 0.762 0.766 0.754 0.784 0.786 0.786 0.774 0.79 0.776 0.784 0.8 0.8 0.8 0.794 0.8 0.81 0.808 0.812 0.81 0.806 0.804 0.798 0.808 0.808 0.808 0.808 0.818 0.812 0.814 0.822 0.814 0.818 0.826 0.822 0.818 0.832 0.818 0.816 0.82 0.84 0.834 0.828 0.83 0.826 0.816 0.82 0.834 0.834 0.842 0.828 0.826 0.846 0.838 0.828 0.828 0.826 0.834 0.856 0.84 0.836 0.846 0.84 0.84 0.838 0.848 0.832 0.852 0.852 0.842 0.844 0.838 0.85 
====================nomal
0 0.09 0.09 0.09 0.09 0.11 0.11 0.11 0.11 0.11 0.09 0.09 0.09 0.11 0.11 0.11 0.11 0.11 0.11 0.11 0.11 0.11 0.182 0.114 0.204 0.256 0.308 0.288 0.354 0.46 0.522 0.562 0.558 0.542 0.608 0.64 0.638 0.682 0.68 0.706 0.718 0.738 0.746 0.756 0.754 0.758 0.758 0.764 0.774 0.78 0.778 0.774 0.764 0.78 0.786 0.788 0.806 0.798 0.788 0.814 0.816 0.822 0.82 0.832 0.82 0.828 0.832 0.822 0.834 0.848 0.832 0.838 0.842 0.826 0.84 0.836 0.828 0.846 0.832 0.838 0.84 0.846 0.842 0.84 0.84 0.83 0.838 0.842 0.834 0.85 0.844 0.848 0.846 0.832 0.846 0.852 0.846 0.842 0.852 0.85 0.846 0.844 0.84 0.848 0.84 0.844 0.856 0.846 0.856 0.856 0.854 0.856 0.848 0.85 0.85 0.854 0.844 0.858 0.866 0.86 0.852 
====================nomal
0 0.088 0.106 0.106 0.106 0.106 0.106 0.106 0.106 0.106 0.106 0.106 0.096 0.096 0.106 0.106 0.106 0.106 0.106 0.106 0.106 0.106 0.096 0.098 0.194 0.252 0.27 0.284 0.36 0.45 0.512 0.53 0.54 0.558 0.592 0.638 0.654 0.654 0.676 0.688 0.71 0.712 0.72 0.72 0.73 0.734 0.722 0.752 0.742 0.754 0.764 0.77 0.756 0.764 0.752 0.752 0.768 0.762 0.748 0.784 0.788 0.784 0.8 0.81 0.786 0.8 0.8 0.806 0.812 0.812 0.814 0.82 0.826 0.82 0.824 0.834 0.824 0.822 0.84 0.824 0.822 0.834 0.824 0.824 0.826 0.826 0.822 0.834 0.836 0.84 0.82 0.832 0.824 0.824 0.848 0.85 0.84 0.842 0.838 0.85 0.842 0.842 0.846 0.85 0.848 0.85 0.856 0.848 0.852 0.838 0.838 0.846 0.852 0.842 0.86 0.85 0.858 0.858 0.862 0.856 0.852 
====================nomal
0 0.09 0.09 0.1 0.1 0.1 0.1 0.09 0.09 0.09 0.09 0.09 0.09 0.09 0.116 0.09 0.09 0.098 0.098 0.098 0.098 0.1 0.118 0.188 0.214 0.27 0.316 0.382 0.438 0.464 0.562 0.58 0.582 0.596 0.622 0.638 0.626 0.65 0.658 0.704 0.732 0.724 0.73 0.742 0.738 0.756 0.762 0.75 0.764 0.762 0.77 0.768 0.78 0.77 0.786 0.784 0.798 0.79 0.788 0.79 0.8 0.804 0.802 0.804 0.806 0.814 0.818 0.818 0.802 0.804 0.804 0.808 0.814 0.802 0.818 0.814 0.808 0.828 0.826 0.814 0.826 0.822 0.826 0.838 0.83 0.818 0.814 0.824 0.828 0.832 0.824 0.822 0.83 0.826 0.838 0.836 0.836 0.83 0.846 0.834 0.844 0.844 0.844 0.844 0.838 0.84 0.838 0.84 0.844 0.84 0.834 0.852 0.854 0.84 0.846 0.834 0.838 0.852 0.852 0.848 0.854 
====================nomal
0 0.08 0.114 0.106 0.08 0.114 0.114 0.114 0.114 0.114 0.114 0.114 0.114 0.114 0.08 0.106 0.106 0.08 0.08 0.08 0.08 0.08 0.102 0.152 0.168 0.226 0.296 0.284 0.348 0.44 0.512 0.514 0.53 0.568 0.588 0.598 0.594 0.618 0.646 0.66 0.66 0.672 0.694 0.694 0.686 0.716 0.706 0.704 0.726 0.722 0.722 0.746 0.748 0.746 0.756 0.75 0.764 0.752 0.77 0.77 0.78 0.78 0.788 0.776 0.782 0.796 0.792 0.792 0.786 0.788 0.806 0.798 0.794 0.816 0.812 0.814 0.812 0.812 0.808 0.82 0.81 0.824 0.816 0.814 0.818 0.814 0.798 0.81 0.836 0.816 0.824 0.82 0.83 0.826 0.826 0.826 0.834 0.832 0.822 0.836 0.842 0.83 0.828 0.818 0.822 0.832 0.836 0.83 0.84 0.84 0.842 0.84 0.838 0.848 0.834 0.846 0.85 0.84 0.852 0.846 0.83 
====================nomal
0 0.108 0.106 0.118 0.118 0.118 0.118 0.118 0.118 0.118 0.118 0.118 0.118 0.118 0.108 0.108 0.108 0.118 0.118 0.118 0.118 0.118 0.086 0.152 0.172 0.282 0.314 0.338 0.372 0.502 0.488 0.542 0.548 0.578 0.592 0.63 0.632 0.648 0.676 0.668 0.69 0.708 0.718 0.728 0.72 0.73 0.74 0.726 0.734 0.746 0.74 0.748 0.766 0.758 0.776 0.778 0.784 0.778 0.796 0.79 0.794 0.798 0.778 0.792 0.81 0.808 0.81 0.814 0.798 0.812 0.79 0.802 0.802 0.802 0.812 0.802 0.81 0.808 0.812 0.814 0.82 0.804 0.822 0.816 0.81 0.832 0.834 0.82 0.832 0.828 0.818 0.824 0.814 0.816 0.83 0.828 0.84 0.834 0.822 0.83 0.834 0.832 0.838 0.83 0.826 0.84 0.844 0.832 0.842 0.84 0.836 0.834 0.844 0.846 0.844 0.854 0.85 0.836 0.856 0.842 0.854 
====================nomal
0 0.082 0.082 0.082 0.082 0.122 0.122 0.122 0.122 0.122 0.122 0.122 0.122 0.148 0.082 0.082 0.082 0.082 0.082 0.082 0.082 0.082 0.092 0.092 0.208 0.23 0.274 0.274 0.402 0.506 0.574 0.604 0.624 0.606 0.626 0.672 0.656 0.666 0.714 0.722 0.724 0.748 0.752 0.756 0.75 0.78 0.778 0.762 0.764 0.766 0.766 0.77 0.782 0.786 0.79 0.782 0.788 0.784 0.796 0.786 0.798 0.806 0.798 0.802 0.798 0.808 0.812 0.81 0.798 0.816 0.816 0.818 0.818 0.82 0.818 0.826 0.828 0.824 0.824 0.828 0.832 0.834 0.838 0.832 0.828 0.824 0.812 0.83 0.836 0.838 0.832 0.836 0.85 0.846 0.846 0.84 0.848 0.846 0.838 0.854 0.852 0.844 0.844 0.844 0.842 0.848 0.862 0.86 0.854 0.85 0.856 0.848 0.848 0.858 0.848 0.858 0.86 0.854 0.87 0.874 0.868 
====================nomal
0 0.104 0.102 0.102 0.102 0.084 0.104 0.104 0.104 0.104 0.104 0.104 0.104 0.104 0.104 0.104 0.106 0.106 0.106 0.106 0.104 0.104 0.094 0.178 0.192 0.274 0.284 0.292 0.306 0.454 0.53 0.588 0.592 0.578 0.626 0.662 0.66 0.678 0.686 0.686 0.73 0.738 0.728 0.738 0.738 0.732 0.738 0.754 0.742 0.742 0.75 0.748 0.762 0.776 0.772 0.772 0.774 0.778 0.776 0.778 0.78 0.784 0.782 0.782 0.79 0.788 0.798 0.79 0.796 0.796 0.786 0.796 0.81 0.784 0.804 0.812 0.798 0.792 0.802 0.804 0.814 0.796 0.804 0.802 0.792 0.796 0.79 0.79 0.804 0.814 0.806 0.804 0.81 0.806 0.8 0.802 0.802 0.808 0.812 0.82 0.814 0.816 0.798 0.808 0.812 0.812 0.814 0.806 0.818 0.82 0.806 0.818 0.822 0.806 0.832 0.814 0.816 0.828 0.814 0.818 0.814 
====================gaussian
0 0.08 0.08 0.08 0.08 0.094 0.102 0.102 0.08 0.08 0.08 0.096 0.158 0.162 0.182 0.298 0.238 0.362 0.402 0.398 0.474 0.5 0.538 0.552 0.586 0.63 0.61 0.628 0.652 0.676 0.656 0.642 0.676 0.658 0.698 0.706 0.694 0.668 0.7 0.73 0.716 0.73 0.694 0.746 0.758 0.754 0.74 0.75 0.76 0.76 0.762 0.766 0.78 0.768 0.77 0.776 0.774 0.782 0.778 0.776 0.768 0.788 0.782 0.784 0.79 0.786 0.768 0.784 0.79 0.794 0.776 0.792 0.798 0.794 0.798 0.786 0.786 0.788 0.782 0.78 0.776 0.798 0.782 0.792 0.802 0.796 0.786 0.8 0.782 0.8 0.806 0.798 0.798 0.792 0.798 0.804 0.806 0.796 0.796 0.802 0.812 0.838 0.826 0.824 0.832 0.826 0.812 0.802 0.802 0.79 0.79 0.806 0.822 0.816 0.82 0.828 0.826 0.814 0.812 0.812 0.812 
====================gaussian
0 0.1 0.094 0.088 0.088 0.114 0.114 0.114 0.114 0.114 0.102 0.142 0.142 0.196 0.188 0.27 0.296 0.394 0.396 0.424 0.488 0.55 0.546 0.572 0.574 0.588 0.606 0.602 0.636 0.65 0.668 0.66 0.682 0.688 0.702 0.698 0.726 0.694 0.722 0.718 0.716 0.708 0.714 0.72 0.72 0.734 0.704 0.71 0.738 0.712 0.722 0.748 0.746 0.734 0.738 0.736 0.744 0.752 0.756 0.766 0.758 0.77 0.778 0.78 0.772 0.774 0.79 0.784 0.788 0.782 0.804 0.786 0.786 0.796 0.802 0.818 0.812 0.81 0.814 0.814 0.814 0.814 0.792 0.802 0.814 0.818 0.82 0.824 0.816 0.828 0.828 0.828 0.826 0.826 0.814 0.83 0.83 0.83 0.826 0.824 0.83 0.826 0.832 0.834 0.834 0.838 0.834 0.828 0.828 0.832 0.824 0.844 0.842 0.846 0.842 0.844 0.842 0.832 0.838 0.844 0.83 
====================gaussian
0 0.08 0.106 0.096 0.096 0.096 0.096 0.096 0.096 0.096 0.096 0.098 0.176 0.18 0.206 0.246 0.248 0.368 0.36 0.422 0.458 0.484 0.494 0.51 0.536 0.55 0.538 0.56 0.556 0.6 0.604 0.638 0.64 0.642 0.658 0.678 0.694 0.68 0.68 0.706 0.694 0.686 0.702 0.718 0.704 0.72 0.714 0.734 0.732 0.74 0.74 0.738 0.746 0.754 0.742 0.764 0.762 0.778 0.77 0.778 0.774 0.782 0.78 0.79 0.774 0.782 0.786 0.792 0.798 0.796 0.8 0.796 0.794 0.796 0.782 0.802 0.808 0.81 0.81 0.806 0.82 0.8 0.796 0.812 0.802 0.82 0.806 0.81 0.808 0.81 0.808 0.81 0.814 0.806 0.804 0.812 0.812 0.804 0.814 0.804 0.822 0.816 0.822 0.818 0.822 0.82 0.814 0.808 0.818 0.824 0.814 0.828 0.824 0.816 0.834 0.826 0.822 0.826 0.834 0.834 0.826 
====================gaussian
0 0.12 0.118 0.084 0.104 0.104 0.08 0.084 0.104 0.104 0.104 0.118 0.144 0.188 0.202 0.234 0.32 0.432 0.434 0.482 0.484 0.536 0.53 0.574 0.584 0.618 0.626 0.648 0.662 0.688 0.694 0.706 0.714 0.728 0.728 0.718 0.738 0.736 0.732 0.724 0.728 0.73 0.744 0.746 0.74 0.75 0.762 0.766 0.756 0.782 0.768 0.772 0.762 0.78 0.766 0.77 0.774 0.772 0.782 0.77 0.774 0.78 0.788 0.794 0.782 0.782 0.794 0.796 0.786 0.79 0.806 0.792 0.782 0.796 0.792 0.826 0.806 0.82 0.822 0.806 0.8 0.816 0.798 0.794 0.824 0.806 0.806 0.808 0.806 0.816 0.82 0.81 0.812 0.818 0.822 0.822 0.812 0.826 0.816 0.814 0.82 0.824 0.83 0.826 0.826 0.83 0.828 0.816 0.808 0.824 0.822 0.832 0.83 0.824 0.83 0.838 0.83 0.83 0.832 0.826 0.836 
====================gaussian
0 0.096 0.096 0.096 0.096 0.096 0.096 0.096 0.096 0.096 0.096 0.096 0.184 0.2 0.196 0.24 0.278 0.354 0.366 0.452 0.476 0.484 0.498 0.506 0.508 0.542 0.61 0.636 0.622 0.668 0.66 0.658 0.68 0.676 0.7 0.69 0.704 0.702 0.7 0.696 0.71 0.712 0.696 0.714 0.728 0.72 0.712 0.724 0.736 0.726 0.74 0.742 0.744 0.734 0.738 0.738 0.752 0.762 0.762 0.764 0.76 0.768 0.762 0.77 0.774 0.77 0.788 0.776 0.792 0.78 0.784 0.766 0.77 0.78 0.782 0.796 0.79 0.802 0.798 0.804 0.814 0.8 0.79 0.804 0.814 0.812 0.816 0.822 0.812 0.826 0.826 0.826 0.82 0.824 0.816 0.832 0.826 0.83 0.814 0.82 0.828 0.836 0.832 0.836 0.84 0.838 0.836 0.83 0.82 0.826 0.826 0.832 0.836 0.836 0.83 0.844 0.834 0.832 0.84 0.836 0.834 
====================gaussian
0 0.098 0.098 0.098 0.11 0.11 0.11 0.11 0.098 0.098 0.098 0.022 0.186 0.214 0.22 0.272 0.294 0.396 0.376 0.482 0.522 0.552 0.546 0.574 0.576 0.594 0.608 0.628 0.632 0.682 0.674 0.702 0.688 0.708 0.734 0.726 0.74 0.714 0.738 0.752 0.734 0.738 0.712 0.738 0.768 0.77 0.742 0.754 0.788 0.726 0.74 0.792 0.788 0.76 0.776 0.788 0.786 0.806 0.796 0.796 0.784 0.81 0.806 0.792 0.792 0.798 0.8 0.798 0.802 0.81 0.806 0.812 0.822 0.812 0.818 0.814 0.816 0.812 0.814 0.818 0.83 0.816 0.78 0.836 0.81 0.84 0.818 0.828 0.82 0.838 0.824 0.832 0.826 0.812 0.816 0.82 0.836 0.818 0.822 0.822 0.832 0.838 0.84 0.84 0.85 0.844 0.834 0.806 0.834 0.828 0.818 0.83 0.842 0.838 0.842 0.848 0.84 0.83 0.836 0.838 0.836 
====================gaussian
0 0.108 0.108 0.108 0.108 0.094 0.108 0.108 0.108 0.108 0.094 0.162 0.202 0.184 0.2 0.232 0.246 0.364 0.372 0.42 0.468 0.524 0.51 0.524 0.546 0.586 0.576 0.624 0.614 0.676 0.662 0.67 0.686 0.676 0.702 0.716 0.714 0.712 0.716 0.732 0.716 0.72 0.706 0.728 0.75 0.73 0.76 0.764 0.766 0.75 0.766 0.768 0.764 0.778 0.774 0.772 0.776 0.774 0.778 0.78 0.792 0.784 0.804 0.796 0.8 0.802 0.798 0.816 0.808 0.806 0.804 0.81 0.812 0.828 0.818 0.826 0.822 0.83 0.828 0.818 0.818 0.824 0.816 0.804 0.826 0.828 0.836 0.832 0.834 0.84 0.834 0.84 0.842 0.838 0.84 0.838 0.838 0.838 0.836 0.834 0.844 0.836 0.844 0.844 0.844 0.844 0.842 0.836 0.846 0.842 0.842 0.846 0.844 0.842 0.844 0.844 0.844 0.832 0.846 0.846 0.854 
====================gaussian
0 0.096 0.11 0.11 0.096 0.096 0.096 0.096 0.096 0.096 0.096 0.096 0.096 0.226 0.2 0.202 0.274 0.346 0.392 0.446 0.462 0.492 0.524 0.536 0.548 0.566 0.582 0.608 0.608 0.656 0.666 0.682 0.688 0.692 0.716 0.726 0.722 0.72 0.728 0.742 0.744 0.732 0.718 0.75 0.76 0.752 0.748 0.758 0.764 0.764 0.776 0.746 0.776 0.768 0.778 0.788 0.772 0.784 0.802 0.792 0.794 0.802 0.806 0.794 0.8 0.808 0.798 0.808 0.824 0.808 0.806 0.816 0.822 0.79 0.802 0.82 0.82 0.82 0.812 0.832 0.83 0.834 0.814 0.824 0.83 0.828 0.824 0.836 0.83 0.838 0.832 0.838 0.836 0.834 0.826 0.84 0.832 0.842 0.844 0.834 0.842 0.838 0.836 0.846 0.846 0.842 0.844 0.842 0.846 0.854 0.84 0.84 0.848 0.846 0.852 0.846 0.852 0.842 0.846 0.85 0.844 
====================gaussian
0 0.084 0.106 0.108 0.108 0.108 0.108 0.108 0.106 0.094 0.094 0.152 0.216 0.196 0.21 0.268 0.28 0.39 0.416 0.426 0.504 0.54 0.528 0.546 0.534 0.574 0.572 0.62 0.61 0.672 0.662 0.688 0.696 0.698 0.712 0.71 0.72 0.73 0.732 0.746 0.728 0.732 0.722 0.744 0.758 0.75 0.742 0.748 0.76 0.754 0.764 0.764 0.764 0.758 0.77 0.768 0.764 0.78 0.782 0.774 0.772 0.784 0.786 0.772 0.784 0.788 0.79 0.794 0.788 0.806 0.798 0.806 0.79 0.798 0.794 0.812 0.82 0.816 0.812 0.82 0.804 0.818 0.788 0.804 0.814 0.814 0.818 0.82 0.814 0.828 0.818 0.832 0.828 0.824 0.814 0.826 0.828 0.83 0.826 0.836 0.838 0.834 0.83 0.838 0.84 0.83 0.826 0.838 0.836 0.83 0.82 0.832 0.838 0.844 0.834 0.838 0.842 0.826 0.836 0.846 0.836 
====================gaussian
0 0.106 0.082 0.082 0.122 0.102 0.082 0.082 0.082 0.082 0.126 0.136 0.244 0.208 0.198 0.228 0.308 0.336 0.398 0.474 0.48 0.486 0.512 0.532 0.558 0.596 0.6 0.638 0.64 0.682 0.67 0.682 0.686 0.702 0.716 0.722 0.736 0.736 0.742 0.762 0.734 0.752 0.724 0.75 0.764 0.762 0.744 0.76 0.77 0.768 0.762 0.772 0.778 0.77 0.76 0.784 0.778 0.788 0.79 0.78 0.786 0.796 0.79 0.798 0.796 0.796 0.796 0.802 0.806 0.808 0.804 0.806 0.804 0.806 0.806 0.812 0.81 0.818 0.814 0.82 0.824 0.818 0.808 0.826 0.822 0.82 0.824 0.82 0.824 0.824 0.824 0.836 0.832 0.834 0.826 0.838 0.828 0.836 0.83 0.834 0.844 0.834 0.828 0.844 0.84 0.834 0.842 0.844 0.844 0.838 0.85 0.848 0.842 0.846 0.848 0.85 0.838 0.844 0.84 0.836 0.844 
====================gaussian
0 0.108 0.108 0.108 0.106 0.108 0.108 0.108 0.108 0.108 0.108 0.108 0.108 0.108 0.108 0.108 0.21 0.108 0.108 0.108 0.178 0.216 0.242 0.262 0.336 0.342 0.316 0.314 0.372 0.384 0.41 0.408 0.484 0.53 0.548 0.584 0.6 0.646 0.604 0.606 0.648 0.65 0.63 0.682 0.658 0.67 0.668 0.67 0.676 0.658 0.68 0.688 0.686 0.682 0.686 0.66 0.708 0.716 0.706 0.702 0.71 0.708 0.706 0.724 0.714 0.692 0.702 0.706 0.724 0.728 0.724 0.728 0.73 0.736 0.734 0.728 0.724 0.738 0.734 0.744 0.748 0.764 0.742 0.758 0.756 0.744 0.768 0.76 0.752 0.772 0.762 0.736 0.782 0.772 0.77 0.782 0.764 0.778 0.768 0.764 0.776 0.778 0.772 0.786 0.776 0.776 0.784 0.784 0.778 0.768 0.78 0.768 0.786 0.782 0.79 0.784 0.792 0.786 0.79 0.796 0.794 
====================gaussian
0 0.136 0.104 0.088 0.088 0.088 0.1 0.104 0.104 0.1 0.114 0.114 0.114 0.088 0.088 0.088 0.114 0.162 0.088 0.202 0.214 0.248 0.248 0.266 0.272 0.276 0.306 0.298 0.306 0.312 0.342 0.348 0.438 0.47 0.498 0.502 0.496 0.564 0.556 0.562 0.598 0.562 0.542 0.596 0.644 0.648 0.658 0.654 0.674 0.656 0.682 0.692 0.688 0.678 0.712 0.708 0.712 0.692 0.712 0.72 0.73 0.748 0.744 0.728 0.752 0.754 0.718 0.762 0.774 0.76 0.772 0.766 0.752 0.77 0.772 0.77 0.768 0.784 0.784 0.774 0.772 0.778 0.784 0.788 0.784 0.768 0.792 0.788 0.778 0.786 0.788 0.796 0.792 0.79 0.796 0.788 0.786 0.792 0.79 0.792 0.798 0.8 0.806 0.792 0.8 0.786 0.804 0.81 0.8 0.8 0.792 0.806 0.8 0.81 0.81 0.812 0.81 0.806 0.8 0.822 0.818 
====================gaussian
0 0.098 0.098 0.098 0.098 0.098 0.098 0.098 0.098 0.098 0.098 0.098 0.098 0.098 0.098 0.098 0.098 0.098 0.098 0.098 0.2 0.192 0.202 0.196 0.242 0.264 0.266 0.272 0.292 0.294 0.322 0.36 0.456 0.43 0.572 0.478 0.524 0.602 0.616 0.582 0.628 0.638 0.608 0.656 0.666 0.672 0.682 0.696 0.692 0.7 0.71 0.718 0.722 0.712 0.732 0.716 0.736 0.754 0.75 0.74 0.748 0.74 0.75 0.75 0.772 0.776 0.766 0.78 0.79 0.784 0.792 0.784 0.792 0.79 0.782 0.79 0.794 0.8 0.804 0.798 0.794 0.798 0.802 0.816 0.812 0.802 0.814 0.816 0.804 0.822 0.814 0.794 0.82 0.816 0.812 0.82 0.824 0.83 0.82 0.814 0.83 0.816 0.824 0.838 0.816 0.818 0.836 0.828 0.832 0.818 0.83 0.82 0.824 0.826 0.844 0.832 0.834 0.824 0.838 0.838 0.826 
====================gaussian
0 0.096 0.096 0.096 0.096 0.096 0.11 0.11 0.11 0.11 0.1 0.096 0.096 0.116 0.096 0.104 0.11 0.11 0.11 0.19 0.228 0.224 0.256 0.276 0.312 0.308 0.33 0.312 0.4 0.366 0.378 0.436 0.486 0.58 0.544 0.6 0.61 0.626 0.622 0.624 0.634 0.676 0.652 0.694 0.674 0.682 0.7 0.714 0.726 0.696 0.714 0.724 0.734 0.73 0.746 0.748 0.746 0.72 0.762 0.756 0.752 0.764 0.762 0.752 0.764 0.752 0.75 0.764 0.774 0.774 0.786 0.774 0.776 0.792 0.774 0.774 0.788 0.79 0.794 0.792 0.788 0.786 0.796 0.79 0.79 0.782 0.786 0.8 0.802 0.802 0.8 0.802 0.806 0.802 0.796 0.798 0.8 0.804 0.806 0.804 0.81 0.818 0.816 0.812 0.806 0.802 0.808 0.814 0.822 0.808 0.808 0.83 0.826 0.82 0.824 0.836 0.816 0.83 0.828 0.828 0.83 
====================gaussian
0 0.094 0.118 0.118 0.118 0.094 0.118 0.118 0.118 0.118 0.118 0.094 0.092 0.092 0.118 0.118 0.118 0.118 0.118 0.218 0.204 0.206 0.252 0.266 0.268 0.3 0.286 0.296 0.298 0.314 0.404 0.386 0.408 0.428 0.514 0.526 0.5 0.556 0.55 0.572 0.548 0.57 0.55 0.626 0.64 0.638 0.628 0.652 0.666 0.634 0.68 0.668 0.666 0.664 0.672 0.67 0.696 0.706 0.716 0.696 0.694 0.702 0.694 0.71 0.716 0.72 0.708 0.722 0.738 0.718 0.738 0.736 0.742 0.738 0.732 0.736 0.752 0.748 0.756 0.758 0.752 0.748 0.756 0.76 0.766 0.762 0.774 0.77 0.762 0.776 0.77 0.756 0.78 0.774 0.772 0.782 0.784 0.782 0.786 0.786 0.784 0.792 0.79 0.784 0.784 0.792 0.8 0.806 0.792 0.788 0.79 0.8 0.806 0.8 0.802 0.806 0.806 0.8 0.804 0.822 0.826 
====================gaussian
0 0.102 0.102 0.102 0.102 0.102 0.102 0.102 0.102 0.102 0.102 0.102 0.102 0.102 0.102 0.102 0.102 0.102 0.102 0.102 0.182 0.198 0.21 0.306 0.344 0.33 0.318 0.364 0.374 0.376 0.394 0.372 0.478 0.496 0.504 0.532 0.542 0.546 0.548 0.548 0.558 0.57 0.598 0.592 0.588 0.602 0.614 0.618 0.634 0.648 0.634 0.642 0.66 0.658 0.676 0.69 0.698 0.676 0.694 0.722 0.708 0.722 0.726 0.692 0.72 0.716 0.716 0.734 0.716 0.722 0.734 0.744 0.746 0.748 0.754 0.76 0.758 0.764 0.768 0.764 0.774 0.77 0.78 0.766 0.77 0.77 0.778 0.784 0.788 0.78 0.79 0.778 0.782 0.792 0.802 0.806 0.794 0.8 0.792 0.81 0.806 0.792 0.78 0.8 0.788 0.802 0.814 0.79 0.82 0.814 0.812 0.806 0.802 0.8 0.812 0.82 0.82 0.82 0.83 0.824 0.81 
====================gaussian
0 0.106 0.106 0.114 0.1 0.106 0.114 0.114 0.114 0.096 0.106 0.106 0.106 0.096 0.096 0.096 0.096 0.096 0.2 0.21 0.212 0.238 0.206 0.246 0.314 0.3 0.29 0.326 0.37 0.376 0.396 0.42 0.534 0.536 0.542 0.55 0.564 0.564 0.596 0.578 0.612 0.602 0.612 0.63 0.634 0.644 0.64 0.636 0.672 0.684 0.658 0.66 0.676 0.682 0.682 0.688 0.694 0.676 0.7 0.71 0.724 0.722 0.728 0.72 0.734 0.73 0.718 0.752 0.746 0.74 0.758 0.762 0.754 0.766 0.748 0.754 0.77 0.768 0.768 0.776 0.778 0.776 0.772 0.766 0.776 0.784 0.772 0.784 0.792 0.784 0.8 0.784 0.78 0.79 0.802 0.798 0.788 0.796 0.808 0.808 0.784 0.8 0.796 0.796 0.79 0.806 0.804 0.798 0.796 0.808 0.814 0.81 0.804 0.802 0.81 0.816 0.818 0.81 0.822 0.804 0.81 
====================gaussian
0 0.08 0.08 0.08 0.08 0.08 0.08 0.08 0.08 0.08 0.08 0.08 0.08 0.08 0.08 0.08 0.09 0.178 0.104 0.202 0.182 0.178 0.206 0.238 0.26 0.27 0.292 0.3 0.33 0.37 0.41 0.414 0.468 0.532 0.534 0.554 0.566 0.638 0.598 0.616 0.646 0.67 0.6 0.672 0.684 0.674 0.686 0.698 0.7 0.678 0.702 0.702 0.71 0.71 0.72 0.706 0.71 0.722 0.724 0.732 0.742 0.74 0.74 0.728 0.754 0.726 0.73 0.746 0.738 0.732 0.744 0.76 0.754 0.752 0.752 0.754 0.758 0.754 0.766 0.76 0.764 0.762 0.768 0.772 0.772 0.768 0.77 0.782 0.774 0.776 0.772 0.772 0.776 0.784 0.784 0.788 0.78 0.786 0.782 0.792 0.792 0.796 0.798 0.784 0.782 0.78 0.806 0.798 0.804 0.788 0.788 0.806 0.806 0.814 0.81 0.804 0.798 0.806 0.804 0.812 0.808 
====================gaussian
0 0.116 0.104 0.104 0.108 0.108 0.108 0.108 0.108 0.108 0.108 0.108 0.108 0.108 0.108 0.108 0.108 0.08 0.174 0.188 0.186 0.204 0.232 0.256 0.27 0.262 0.314 0.3 0.332 0.37 0.382 0.366 0.504 0.512 0.548 0.572 0.554 0.576 0.576 0.586 0.604 0.624 0.648 0.672 0.66 0.658 0.664 0.678 0.688 0.676 0.684 0.678 0.682 0.688 0.69 0.69 0.72 0.73 0.738 0.714 0.714 0.734 0.718 0.728 0.732 0.738 0.718 0.738 0.746 0.768 0.754 0.758 0.758 0.76 0.754 0.756 0.756 0.758 0.764 0.772 0.772 0.77 0.766 0.752 0.774 0.774 0.768 0.774 0.778 0.78 0.788 0.79 0.788 0.782 0.784 0.784 0.792 0.792 0.792 0.8 0.792 0.796 0.8 0.786 0.792 0.778 0.798 0.8 0.808 0.804 0.796 0.808 0.808 0.806 0.812 0.814 0.812 0.808 0.804 0.818 0.818 
====================gaussian
0 0.124 0.092 0.088 0.106 0.088 0.088 0.088 0.088 0.088 0.088 0.088 0.088 0.088 0.088 0.106 0.124 0.088 0.208 0.282 0.218 0.248 0.202 0.36 0.292 0.384 0.282 0.364 0.344 0.414 0.442 0.45 0.51 0.546 0.534 0.572 0.588 0.618 0.612 0.608 0.63 0.666 0.652 0.686 0.682 0.684 0.69 0.708 0.726 0.688 0.736 0.722 0.73 0.724 0.746 0.732 0.756 0.762 0.77 0.746 0.746 0.74 0.746 0.758 0.75 0.752 0.742 0.754 0.774 0.788 0.774 0.776 0.774 0.778 0.776 0.764 0.774 0.784 0.782 0.782 0.786 0.78 0.788 0.778 0.784 0.798 0.782 0.792 0.79 0.79 0.798 0.806 0.798 0.792 0.798 0.802 0.816 0.814 0.8 0.812 0.806 0.814 0.808 0.806 0.796 0.796 0.806 0.808 0.826 0.812 0.808 0.814 0.812 0.802 0.806 0.832 0.824 0.816 0.816 0.824 0.812 
====================gaussian
0 0.09 0.096 0.096 0.096 0.096 0.096 0.096 0.096 0.096 0.096 0.096 0.096 0.096 0.096 0.096 0.096 0.096 0.096 0.096 0.096 0.096 0.096 0.096 0.096 0.096 0.096 0.096 0.178 0.184 0.214 0.242 0.26 0.378 0.332 0.416 0.442 0.448 0.48 0.542 0.518 0.554 0.542 0.574 0.61 0.614 0.654 0.644 0.698 0.716 0.716 0.736 0.74 0.738 0.762 0.762 0.744 0.756 0.754 0.766 0.768 0.768 0.778 0.772 0.766 0.774 0.766 0.768 0.778 0.766 0.786 0.776 0.772 0.772 0.778 0.774 0.78 0.778 0.784 0.776 0.788 0.798 0.794 0.776 0.792 0.78 0.79 0.794 0.796 0.786 0.79 0.796 0.8 0.81 0.814 0.81 0.804 0.812 0.81 0.81 0.814 0.814 0.824 0.82 0.824 0.83 0.82 0.832 0.82 0.83 0.844 0.816 0.836 0.836 0.838 0.826 0.834 0.844 0.834 0.844 0.834 
====================gaussian
0 0.094 0.084 0.118 0.118 0.096 0.084 0.084 0.084 0.084 0.084 0.096 0.096 0.084 0.084 0.084 0.084 0.084 0.084 0.084 0.084 0.084 0.084 0.084 0.084 0.08 0.08 0.164 0.166 0.168 0.194 0.226 0.292 0.434 0.41 0.478 0.53 0.53 0.494 0.564 0.606 0.572 0.638 0.63 0.654 0.666 0.652 0.714 0.704 0.708 0.73 0.722 0.738 0.74 0.74 0.738 0.74 0.738 0.744 0.736 0.756 0.742 0.75 0.756 0.76 0.746 0.758 0.746 0.762 0.766 0.77 0.766 0.768 0.762 0.776 0.774 0.78 0.76 0.766 0.774 0.782 0.784 0.79 0.772 0.79 0.774 0.776 0.79 0.784 0.796 0.786 0.794 0.79 0.8 0.796 0.8 0.778 0.8 0.806 0.796 0.802 0.812 0.8 0.802 0.802 0.79 0.812 0.804 0.802 0.812 0.818 0.81 0.804 0.802 0.806 0.818 0.808 0.82 0.82 0.816 0.818 
====================gaussian
0 0.08 0.08 0.08 0.08 0.08 0.08 0.08 0.08 0.08 0.08 0.08 0.08 0.08 0.08 0.08 0.08 0.08 0.08 0.08 0.08 0.08 0.08 0.08 0.08 0.08 0.136 0.156 0.156 0.24 0.152 0.274 0.316 0.346 0.442 0.456 0.468 0.474 0.498 0.482 0.54 0.562 0.546 0.544 0.592 0.6 0.606 0.634 0.614 0.632 0.65 0.652 0.658 0.668 0.678 0.674 0.67 0.682 0.678 0.692 0.684 0.696 0.698 0.704 0.702 0.708 0.708 0.712 0.73 0.716 0.728 0.726 0.736 0.746 0.75 0.746 0.752 0.748 0.748 0.744 0.756 0.754 0.764 0.754 0.758 0.786 0.754 0.772 0.776 0.772 0.772 0.776 0.766 0.78 0.78 0.78 0.776 0.774 0.78 0.792 0.784 0.788 0.788 0.788 0.796 0.786 0.796 0.796 0.802 0.794 0.798 0.8 0.804 0.81 0.81 0.814 0.808 0.812 0.814 0.81 0.81 
====================gaussian
0 0.09 0.108 0.1 0.1 0.09 0.09 0.09 0.09 0.09 0.1 0.1 0.09 0.1 0.1 0.1 0.1 0.09 0.09 0.1 0.1 0.1 0.09 0.12 0.156 0.09 0.128 0.218 0.196 0.198 0.204 0.204 0.306 0.362 0.406 0.448 0.478 0.492 0.498 0.516 0.542 0.576 0.586 0.58 0.614 0.65 0.614 0.676 0.676 0.71 0.714 0.728 0.71 0.736 0.726 0.744 0.736 0.734 0.736 0.752 0.748 0.746 0.756 0.762 0.748 0.76 0.766 0.762 0.788 0.76 0.786 0.786 0.778 0.79 0.788 0.786 0.804 0.786 0.792 0.782 0.792 0.794 0.792 0.788 0.8 0.804 0.79 0.802 0.808 0.796 0.808 0.8 0.792 0.796 0.794 0.802 0.784 0.802 0.802 0.798 0.814 0.81 0.804 0.796 0.804 0.8 0.81 0.796 0.826 0.816 0.82 0.796 0.816 0.832 0.83 0.83 0.83 0.832 0.848 0.832 0.842 
====================gaussian
0 0.118 0.118 0.118 0.118 0.118 0.118 0.118 0.118 0.118 0.108 0.108 0.108 0.118 0.118 0.118 0.108 0.108 0.118 0.118 0.118 0.108 0.118 0.118 0.118 0.118 0.118 0.216 0.272 0.216 0.18 0.36 0.306 0.412 0.452 0.442 0.508 0.478 0.51 0.478 0.532 0.538 0.578 0.614 0.616 0.628 0.624 0.686 0.656 0.674 0.7 0.706 0.712 0.722 0.722 0.728 0.734 0.732 0.738 0.752 0.734 0.738 0.744 0.758 0.75 0.748 0.756 0.754 0.772 0.758 0.768 0.76 0.758 0.778 0.764 0.766 0.774 0.78 0.782 0.774 0.794 0.78 0.794 0.798 0.786 0.794 0.806 0.798 0.788 0.804 0.788 0.798 0.8 0.8 0.808 0.804 0.81 0.814 0.816 0.814 0.808 0.816 0.816 0.816 0.828 0.826 0.824 0.818 0.82 0.818 0.83 0.798 0.848 0.826 0.84 0.85 0.842 0.846 0.842 0.846 0.848 
====================gaussian
0 0.072 0.072 0.098 0.102 0.102 0.102 0.102 0.116 0.116 0.116 0.102 0.102 0.102 0.098 0.102 0.072 0.072 0.102 0.102 0.102 0.098 0.102 0.102 0.102 0.116 0.096 0.158 0.268 0.326 0.244 0.354 0.38 0.43 0.422 0.482 0.496 0.516 0.532 0.578 0.584 0.626 0.61 0.616 0.612 0.664 0.648 0.688 0.73 0.756 0.764 0.766 0.742 0.758 0.786 0.762 0.754 0.782 0.766 0.806 0.8 0.796 0.81 0.808 0.808 0.796 0.812 0.812 0.802 0.816 0.816 0.818 0.822 0.83 0.828 0.818 0.82 0.828 0.832 0.822 0.828 0.828 0.82 0.82 0.824 0.826 0.82 0.828 0.826 0.828 0.832 0.836 0.822 0.832 0.834 0.832 0.822 0.82 0.828 0.826 0.836 0.83 0.834 0.83 0.838 0.822 0.822 0.822 0.842 0.838 0.832 0.818 0.828 0.838 0.834 0.838 0.828 0.84 0.85 0.846 0.846 
====================gaussian
0 0.102 0.102 0.102 0.106 0.092 0.092 0.092 0.104 0.092 0.092 0.092 0.092 0.106 0.106 0.106 0.106 0.092 0.092 0.084 0.084 0.092 0.084 0.084 0.102 0.106 0.182 0.174 0.284 0.188 0.288 0.232 0.346 0.41 0.384 0.452 0.472 0.484 0.486 0.5 0.564 0.59 0.588 0.568 0.616 0.636 0.636 0.654 0.686 0.694 0.704 0.714 0.722 0.734 0.726 0.73 0.724 0.738 0.746 0.744 0.748 0.738 0.758 0.742 0.754 0.736 0.756 0.758 0.758 0.762 0.77 0.766 0.784 0.79 0.782 0.79 0.79 0.784 0.794 0.776 0.792 0.79 0.784 0.796 0.794 0.786 0.782 0.794 0.784 0.794 0.79 0.802 0.796 0.802 0.808 0.804 0.802 0.802 0.804 0.798 0.816 0.812 0.808 0.806 0.806 0.804 0.812 0.81 0.812 0.82 0.826 0.802 0.81 0.83 0.826 0.806 0.814 0.83 0.83 0.832 0.838 
====================gaussian
0 0.122 0.122 0.122 0.122 0.122 0.122 0.122 0.122 0.122 0.122 0.122 0.122 0.122 0.122 0.122 0.122 0.122 0.122 0.122 0.122 0.122 0.122 0.122 0.216 0.134 0.082 0.2 0.2 0.2 0.198 0.246 0.35 0.376 0.374 0.438 0.424 0.45 0.486 0.51 0.596 0.61 0.592 0.59 0.634 0.666 0.66 0.674 0.716 0.714 0.742 0.758 0.748 0.758 0.766 0.756 0.76 0.754 0.762 0.768 0.784 0.758 0.774 0.774 0.784 0.782 0.776 0.77 0.786 0.784 0.778 0.8 0.792 0.786 0.81 0.79 0.796 0.806 0.812 0.808 0.81 0.804 0.802 0.794 0.822 0.814 0.808 0.814 0.824 0.808 0.814 0.822 0.812 0.808 0.808 0.814 0.83 0.818 0.824 0.832 0.826 0.832 0.816 0.828 0.826 0.83 0.826 0.836 0.832 0.83 0.828 0.816 0.832 0.832 0.828 0.844 0.84 0.836 0.834 0.846 0.838 
====================gaussian
0 0.106 0.106 0.106 0.088 0.106 0.106 0.106 0.106 0.106 0.106 0.106 0.088 0.088 0.106 0.106 0.106 0.106 0.106 0.106 0.106 0.106 0.106 0.106 0.106 0.106 0.106 0.176 0.188 0.188 0.28 0.302 0.36 0.364 0.388 0.43 0.442 0.464 0.484 0.492 0.542 0.55 0.558 0.574 0.63 0.646 0.624 0.676 0.682 0.684 0.696 0.702 0.708 0.706 0.714 0.714 0.716 0.726 0.724 0.72 0.722 0.722 0.718 0.738 0.73 0.74 0.732 0.734 0.76 0.738 0.75 0.754 0.744 0.74 0.762 0.748 0.754 0.76 0.756 0.756 0.76 0.752 0.754 0.752 0.772 0.774 0.756 0.774 0.774 0.776 0.776 0.784 0.78 0.784 0.782 0.782 0.772 0.79 0.796 0.782 0.796 0.804 0.786 0.802 0.81 0.8 0.812 0.808 0.812 0.818 0.814 0.796 0.814 0.816 0.826 0.822 0.828 0.828 0.834 0.826 0.822 
====================gaussian
0 0.104 0.072 0.104 0.104 0.104 0.104 0.104 0.104 0.114 0.088 0.088 0.104 0.104 0.104 0.104 0.094 0.104 0.088 0.114 0.114 0.104 0.114 0.104 0.104 0.192 0.186 0.136 0.186 0.166 0.19 0.218 0.35 0.428 0.43 0.472 0.51 0.524 0.532 0.58 0.566 0.594 0.608 0.608 0.628 0.66 0.654 0.668 0.7 0.71 0.73 0.722 0.714 0.732 0.744 0.734 0.746 0.746 0.742 0.752 0.744 0.75 0.742 0.748 0.75 0.756 0.756 0.75 0.758 0.752 0.76 0.76 0.762 0.76 0.772 0.766 0.766 0.77 0.768 0.764 0.772 0.778 0.776 0.764 0.772 0.786 0.776 0.79 0.794 0.782 0.786 0.798 0.792 0.786 0.788 0.788 0.784 0.788 0.788 0.79 0.792 0.802 0.802 0.812 0.808 0.816 0.818 0.82 0.804 0.808 0.816 0.808 0.818 0.82 0.828 0.808 0.828 0.826 0.83 0.83 0.824 
====================model_negation
0 0.08 0.084 0.118 0.118 0.118 0.112 0.104 0.084 0.084 0.118 0.118 0.118 0.108 0.114 0.142 0.198 0.294 0.376 0.444 0.46 0.49 0.578 0.548 0.57 0.6 0.634 0.662 0.68 0.676 0.676 0.7 0.69 0.692 0.696 0.7 0.71 0.704 0.698 0.712 0.726 0.708 0.732 0.724 0.732 0.724 0.722 0.736 0.726 0.744 0.758 0.754 0.74 0.752 0.748 0.772 0.768 0.758 0.75 0.772 0.756 0.754 0.754 0.77 0.76 0.776 0.77 0.762 0.764 0.79 0.792 0.772 0.792 0.788 0.776 0.772 0.79 0.802 0.79 0.794 0.792 0.796 0.808 0.794 0.808 0.8 0.796 0.802 0.812 0.792 0.802 0.81 0.812 0.818 0.816 0.818 0.804 0.816 0.816 0.812 0.814 0.812 0.804 0.814 0.83 0.822 0.814 0.826 0.822 0.83 0.828 0.826 0.826 0.816 0.828 0.818 0.824 0.828 0.828 0.826 0.832 
====================model_negation
0 0.096 0.1 0.1 0.096 0.096 0.106 0.106 0.106 0.106 0.106 0.106 0.106 0.176 0.198 0.242 0.266 0.28 0.318 0.412 0.448 0.49 0.46 0.564 0.542 0.576 0.566 0.588 0.62 0.626 0.652 0.652 0.652 0.646 0.66 0.678 0.688 0.674 0.668 0.696 0.702 0.69 0.7 0.698 0.698 0.702 0.71 0.71 0.71 0.712 0.726 0.726 0.732 0.738 0.738 0.754 0.754 0.756 0.752 0.75 0.758 0.75 0.756 0.748 0.768 0.77 0.764 0.77 0.752 0.776 0.778 0.766 0.776 0.782 0.768 0.776 0.778 0.792 0.788 0.784 0.8 0.792 0.796 0.798 0.788 0.798 0.808 0.802 0.778 0.8 0.796 0.802 0.798 0.792 0.804 0.812 0.788 0.802 0.798 0.796 0.798 0.79 0.796 0.81 0.828 0.8 0.808 0.804 0.822 0.834 0.834 0.814 0.822 0.824 0.796 0.81 0.814 0.824 0.822 0.816 0.798 
====================model_negation
0 0.088 0.088 0.08 0.08 0.08 0.094 0.094 0.08 0.08 0.08 0.094 0.106 0.142 0.094 0.188 0.252 0.272 0.318 0.376 0.396 0.408 0.42 0.44 0.478 0.558 0.544 0.552 0.558 0.552 0.604 0.606 0.6 0.62 0.62 0.646 0.63 0.648 0.674 0.672 0.68 0.68 0.708 0.714 0.714 0.702 0.712 0.72 0.712 0.726 0.718 0.726 0.722 0.728 0.74 0.738 0.748 0.748 0.756 0.748 0.764 0.764 0.766 0.766 0.766 0.768 0.77 0.774 0.762 0.776 0.776 0.762 0.776 0.786 0.78 0.778 0.778 0.786 0.774 0.79 0.784 0.786 0.784 0.788 0.792 0.79 0.796 0.796 0.806 0.81 0.806 0.8 0.808 0.802 0.804 0.8 0.8 0.81 0.804 0.804 0.8 0.804 0.8 0.81 0.798 0.804 0.814 0.81 0.818 0.812 0.808 0.81 0.812 0.812 0.816 0.816 0.814 0.812 0.818 0.834 0.828 
====================model_negation
0 0.086 0.086 0.094 0.086 0.086 0.086 0.086 0.086 0.086 0.108 0.086 0.086 0.086 0.19 0.174 0.194 0.282 0.326 0.356 0.412 0.448 0.428 0.474 0.514 0.506 0.57 0.542 0.596 0.586 0.652 0.658 0.632 0.648 0.628 0.688 0.676 0.708 0.662 0.7 0.696 0.7 0.726 0.738 0.732 0.744 0.734 0.718 0.744 0.742 0.738 0.754 0.746 0.764 0.758 0.748 0.76 0.762 0.756 0.748 0.776 0.776 0.776 0.766 0.79 0.784 0.78 0.788 0.766 0.778 0.79 0.772 0.794 0.79 0.788 0.792 0.798 0.786 0.798 0.788 0.79 0.786 0.788 0.802 0.806 0.798 0.802 0.806 0.806 0.818 0.814 0.802 0.81 0.816 0.802 0.824 0.818 0.824 0.82 0.808 0.798 0.81 0.812 0.808 0.816 0.82 0.816 0.816 0.82 0.81 0.806 0.81 0.812 0.818 0.822 0.82 0.814 0.818 0.818 0.82 0.824 
====================model_negation
0 0.102 0.102 0.102 0.102 0.102 0.102 0.102 0.102 0.102 0.102 0.102 0.102 0.102 0.176 0.15 0.198 0.288 0.338 0.436 0.448 0.482 0.574 0.588 0.616 0.64 0.684 0.702 0.696 0.704 0.73 0.746 0.726 0.722 0.722 0.734 0.756 0.744 0.738 0.756 0.758 0.75 0.76 0.766 0.77 0.762 0.782 0.78 0.778 0.796 0.794 0.782 0.784 0.8 0.8 0.798 0.806 0.806 0.81 0.804 0.804 0.796 0.816 0.82 0.822 0.828 0.834 0.826 0.832 0.834 0.824 0.824 0.836 0.84 0.838 0.83 0.838 0.824 0.844 0.832 0.826 0.836 0.838 0.83 0.842 0.844 0.844 0.842 0.844 0.834 0.838 0.838 0.848 0.846 0.842 0.84 0.838 0.842 0.846 0.846 0.834 0.854 0.85 0.85 0.838 0.858 0.85 0.852 0.856 0.846 0.854 0.844 0.854 0.85 0.848 0.844 0.844 0.848 0.866 0.856 0.852 
====================model_negation
0 0.106 0.124 0.124 0.106 0.106 0.106 0.106 0.124 0.124 0.106 0.106 0.106 0.102 0.12 0.28 0.294 0.338 0.31 0.452 0.45 0.462 0.446 0.49 0.532 0.598 0.618 0.624 0.624 0.634 0.646 0.662 0.664 0.666 0.68 0.716 0.714 0.722 0.736 0.724 0.74 0.752 0.748 0.748 0.752 0.738 0.76 0.76 0.752 0.748 0.754 0.752 0.75 0.734 0.756 0.768 0.766 0.772 0.766 0.762 0.764 0.766 0.764 0.778 0.772 0.776 0.778 0.782 0.778 0.79 0.78 0.776 0.784 0.796 0.78 0.78 0.794 0.794 0.794 0.788 0.802 0.798 0.796 0.796 0.796 0.794 0.798 0.802 0.804 0.8 0.806 0.806 0.808 0.812 0.814 0.81 0.808 0.812 0.808 0.794 0.8 0.814 0.802 0.818 0.818 0.814 0.818 0.818 0.816 0.814 0.824 0.82 0.82 0.818 0.822 0.822 0.818 0.836 0.832 0.82 0.824 
====================model_negation
0 0.094 0.094 0.084 0.084 0.092 0.092 0.092 0.092 0.092 0.092 0.084 0.084 0.084 0.074 0.14 0.24 0.318 0.344 0.38 0.432 0.466 0.51 0.546 0.546 0.594 0.632 0.626 0.646 0.656 0.69 0.704 0.686 0.694 0.69 0.706 0.704 0.718 0.706 0.726 0.722 0.718 0.724 0.728 0.73 0.728 0.74 0.736 0.738 0.726 0.748 0.742 0.734 0.734 0.746 0.752 0.76 0.756 0.754 0.766 0.74 0.748 0.752 0.758 0.776 0.77 0.78 0.77 0.78 0.772 0.778 0.754 0.788 0.786 0.792 0.778 0.794 0.78 0.794 0.798 0.782 0.792 0.778 0.784 0.796 0.798 0.8 0.794 0.808 0.79 0.802 0.802 0.81 0.814 0.798 0.802 0.804 0.804 0.81 0.806 0.8 0.808 0.808 0.81 0.798 0.81 0.818 0.824 0.822 0.81 0.816 0.814 0.832 0.82 0.802 0.806 0.802 0.79 0.806 0.832 0.818 
====================model_negation
0 0.096 0.106 0.116 0.11 0.11 0.088 0.11 0.11 0.106 0.106 0.1 0.1 0.096 0.074 0.222 0.262 0.33 0.364 0.452 0.46 0.486 0.486 0.524 0.526 0.602 0.632 0.652 0.676 0.668 0.674 0.686 0.686 0.69 0.708 0.722 0.696 0.73 0.718 0.716 0.732 0.73 0.748 0.738 0.748 0.736 0.758 0.752 0.752 0.768 0.762 0.762 0.772 0.77 0.76 0.788 0.784 0.782 0.792 0.804 0.784 0.784 0.798 0.808 0.808 0.814 0.814 0.802 0.812 0.814 0.802 0.788 0.814 0.828 0.83 0.798 0.798 0.818 0.814 0.816 0.81 0.808 0.804 0.818 0.82 0.828 0.828 0.824 0.822 0.806 0.808 0.818 0.828 0.83 0.822 0.822 0.83 0.83 0.826 0.83 0.838 0.826 0.804 0.808 0.816 0.836 0.826 0.818 0.826 0.812 0.804 0.812 0.822 0.83 0.82 0.82 0.83 0.816 0.816 0.812 0.786 
====================model_negation
0 0.108 0.08 0.102 0.102 0.108 0.108 0.108 0.108 0.108 0.1 0.108 0.108 0.108 0.11 0.2 0.24 0.262 0.324 0.392 0.438 0.466 0.472 0.512 0.528 0.618 0.672 0.676 0.674 0.68 0.668 0.696 0.688 0.692 0.694 0.712 0.728 0.724 0.714 0.732 0.746 0.74 0.744 0.746 0.75 0.754 0.752 0.744 0.764 0.758 0.762 0.764 0.766 0.766 0.772 0.778 0.768 0.776 0.78 0.776 0.778 0.76 0.786 0.782 0.776 0.782 0.788 0.78 0.792 0.792 0.794 0.784 0.794 0.804 0.784 0.8 0.798 0.804 0.79 0.798 0.806 0.804 0.796 0.802 0.796 0.806 0.802 0.804 0.806 0.806 0.802 0.814 0.806 0.814 0.808 0.796 0.81 0.808 0.816 0.81 0.814 0.82 0.81 0.816 0.818 0.83 0.814 0.826 0.828 0.816 0.828 0.834 0.836 0.832 0.824 0.822 0.828 0.838 0.842 0.836 0.808 
====================model_negation
0 0.136 0.072 0.072 0.114 0.114 0.072 0.072 0.072 0.072 0.072 0.114 0.114 0.072 0.074 0.154 0.258 0.294 0.358 0.382 0.48 0.482 0.526 0.532 0.566 0.58 0.628 0.634 0.646 0.646 0.676 0.69 0.67 0.666 0.694 0.714 0.704 0.698 0.726 0.732 0.73 0.724 0.738 0.738 0.744 0.736 0.75 0.762 0.744 0.762 0.762 0.754 0.758 0.76 0.746 0.782 0.764 0.754 0.772 0.776 0.772 0.764 0.78 0.782 0.77 0.78 0.786 0.776 0.772 0.788 0.796 0.764 0.796 0.798 0.784 0.786 0.796 0.794 0.796 0.802 0.786 0.8 0.806 0.798 0.812 0.814 0.806 0.816 0.798 0.806 0.806 0.806 0.818 0.812 0.81 0.818 0.81 0.818 0.812 0.818 0.816 0.816 0.806 0.816 0.816 0.826 0.814 0.818 0.82 0.824 0.82 0.832 0.83 0.824 0.828 0.83 0.824 0.814 0.824 0.822 0.83 
====================model_negation
0 0.102 0.102 0.102 0.102 0.104 0.104 0.104 0.104 0.102 0.102 0.102 0.212 0.184 0.204 0.31 0.3 0.35 0.422 0.532 0.538 0.55 0.556 0.568 0.578 0.602 0.648 0.676 0.696 0.696 0.694 0.698 0.71 0.706 0.714 0.702 0.712 0.71 0.716 0.714 0.728 0.736 0.734 0.73 0.732 0.746 0.744 0.748 0.752 0.746 0.756 0.762 0.756 0.756 0.77 0.768 0.768 0.764 0.776 0.776 0.788 0.782 0.766 0.764 0.752 0.76 0.772 0.778 0.788 0.79 0.81 0.796 0.782 0.8 0.802 0.794 0.792 0.788 0.802 0.814 0.816 0.822 0.818 0.8 0.814 0.818 0.818 0.826 0.816 0.812 0.826 0.806 0.816 0.82 0.82 0.81 0.81 0.83 0.834 0.822 0.818 0.81 0.824 0.824 0.826 0.832 0.818 0.828 0.836 0.822 0.832 0.826 0.824 0.836 0.848 0.836 0.848 0.84 0.82 0.84 0.838 
====================model_negation
0 0.106 0.09 0.088 0.082 0.082 0.088 0.088 0.082 0.082 0.082 0.082 0.24 0.206 0.204 0.276 0.328 0.298 0.392 0.434 0.544 0.5 0.538 0.54 0.632 0.624 0.66 0.708 0.7 0.71 0.706 0.714 0.722 0.728 0.726 0.738 0.748 0.746 0.74 0.756 0.768 0.76 0.748 0.746 0.772 0.768 0.776 0.784 0.78 0.782 0.792 0.782 0.784 0.788 0.806 0.802 0.81 0.79 0.806 0.804 0.822 0.812 0.814 0.818 0.806 0.808 0.804 0.824 0.83 0.826 0.828 0.832 0.826 0.83 0.834 0.84 0.816 0.822 0.842 0.846 0.846 0.85 0.846 0.834 0.856 0.838 0.844 0.852 0.852 0.842 0.846 0.834 0.844 0.85 0.85 0.844 0.832 0.85 0.854 0.852 0.842 0.834 0.846 0.846 0.858 0.85 0.856 0.86 0.854 0.856 0.842 0.854 0.838 0.84 0.834 0.846 0.86 0.842 0.86 0.858 0.852 
====================model_negation
0 0.094 0.084 0.084 0.108 0.108 0.108 0.084 0.108 0.108 0.104 0.178 0.19 0.168 0.212 0.278 0.284 0.328 0.412 0.506 0.536 0.54 0.572 0.588 0.57 0.616 0.622 0.654 0.65 0.666 0.654 0.666 0.662 0.682 0.674 0.68 0.688 0.706 0.716 0.712 0.706 0.728 0.724 0.72 0.746 0.73 0.734 0.75 0.744 0.754 0.764 0.774 0.772 0.776 0.762 0.774 0.772 0.8 0.786 0.802 0.794 0.8 0.802 0.792 0.766 0.8 0.816 0.82 0.812 0.816 0.812 0.82 0.818 0.818 0.83 0.832 0.824 0.834 0.814 0.822 0.826 0.824 0.808 0.808 0.822 0.826 0.814 0.83 0.83 0.826 0.834 0.83 0.834 0.82 0.83 0.834 0.814 0.83 0.836 0.834 0.834 0.838 0.844 0.842 0.846 0.844 0.834 0.84 0.838 0.84 0.838 0.836 0.83 0.842 0.846 0.844 0.85 0.842 0.838 0.846 0.832 
====================model_negation
0 0.084 0.092 0.092 0.108 0.108 0.094 0.094 0.094 0.094 0.088 0.084 0.222 0.218 0.202 0.31 0.34 0.366 0.366 0.422 0.44 0.52 0.518 0.562 0.546 0.618 0.638 0.672 0.66 0.66 0.668 0.696 0.696 0.696 0.702 0.704 0.696 0.728 0.718 0.728 0.736 0.742 0.72 0.728 0.748 0.758 0.748 0.744 0.76 0.746 0.756 0.766 0.752 0.76 0.738 0.762 0.734 0.754 0.762 0.782 0.79 0.774 0.752 0.754 0.736 0.754 0.776 0.782 0.796 0.802 0.808 0.802 0.78 0.796 0.8 0.816 0.804 0.8 0.804 0.816 0.816 0.824 0.822 0.824 0.834 0.83 0.84 0.83 0.838 0.832 0.84 0.824 0.83 0.834 0.832 0.822 0.822 0.842 0.834 0.828 0.838 0.836 0.84 0.842 0.84 0.832 0.834 0.84 0.846 0.854 0.846 0.836 0.838 0.846 0.842 0.842 0.848 0.834 0.846 0.85 0.84 
====================model_negation
0 0.094 0.094 0.094 0.106 0.096 0.094 0.094 0.094 0.094 0.094 0.146 0.168 0.25 0.266 0.28 0.314 0.348 0.374 0.512 0.526 0.54 0.554 0.56 0.556 0.588 0.61 0.64 0.618 0.616 0.652 0.682 0.694 0.686 0.69 0.678 0.668 0.692 0.686 0.706 0.71 0.708 0.69 0.692 0.708 0.738 0.73 0.728 0.742 0.732 0.736 0.75 0.752 0.75 0.738 0.756 0.738 0.764 0.786 0.794 0.784 0.774 0.78 0.778 0.758 0.772 0.782 0.784 0.794 0.8 0.81 0.81 0.794 0.81 0.804 0.82 0.814 0.812 0.814 0.814 0.808 0.814 0.82 0.82 0.826 0.826 0.826 0.832 0.834 0.842 0.836 0.83 0.826 0.822 0.828 0.834 0.822 0.832 0.832 0.838 0.836 0.842 0.84 0.848 0.84 0.832 0.832 0.83 0.842 0.836 0.848 0.848 0.838 0.848 0.848 0.858 0.85 0.846 0.836 0.846 0.85 
====================model_negation
0 0.102 0.108 0.09 0.08 0.08 0.08 0.09 0.1 0.1 0.09 0.09 0.158 0.19 0.184 0.274 0.336 0.336 0.408 0.404 0.442 0.536 0.56 0.572 0.584 0.626 0.674 0.696 0.692 0.68 0.702 0.712 0.722 0.732 0.732 0.732 0.738 0.76 0.756 0.756 0.748 0.774 0.752 0.742 0.762 0.756 0.766 0.758 0.778 0.754 0.77 0.76 0.764 0.792 0.784 0.798 0.798 0.786 0.792 0.784 0.796 0.794 0.8 0.792 0.764 0.788 0.786 0.806 0.814 0.82 0.816 0.828 0.81 0.818 0.822 0.808 0.804 0.804 0.826 0.82 0.828 0.806 0.822 0.822 0.828 0.828 0.818 0.818 0.83 0.84 0.838 0.822 0.832 0.83 0.84 0.828 0.84 0.844 0.826 0.832 0.846 0.824 0.844 0.838 0.836 0.836 0.85 0.842 0.842 0.848 0.846 0.844 0.854 0.842 0.84 0.85 0.846 0.85 0.864 0.864 0.842 
====================model_negation
0 0.106 0.098 0.088 0.096 0.096 0.096 0.096 0.096 0.096 0.098 0.154 0.19 0.204 0.226 0.252 0.31 0.36 0.412 0.462 0.496 0.548 0.532 0.554 0.582 0.62 0.642 0.656 0.674 0.664 0.686 0.656 0.678 0.708 0.692 0.688 0.696 0.662 0.694 0.684 0.696 0.672 0.72 0.692 0.704 0.68 0.716 0.714 0.708 0.732 0.758 0.734 0.736 0.75 0.766 0.766 0.772 0.77 0.772 0.76 0.75 0.768 0.776 0.764 0.782 0.784 0.786 0.788 0.798 0.798 0.78 0.786 0.794 0.79 0.794 0.79 0.782 0.79 0.806 0.81 0.818 0.82 0.808 0.802 0.794 0.806 0.816 0.81 0.796 0.794 0.81 0.796 0.822 0.83 0.824 0.822 0.822 0.822 0.824 0.828 0.806 0.804 0.812 0.812 0.826 0.83 0.836 0.826 0.832 0.822 0.82 0.824 0.832 0.82 0.818 0.81 0.834 0.826 0.818 0.834 0.81 
====================model_negation
0 0.08 0.106 0.088 0.088 0.106 0.106 0.106 0.106 0.106 0.106 0.106 0.13 0.242 0.254 0.284 0.314 0.358 0.388 0.42 0.49 0.53 0.534 0.55 0.526 0.598 0.604 0.62 0.622 0.616 0.636 0.634 0.632 0.65 0.658 0.66 0.668 0.672 0.688 0.686 0.67 0.698 0.702 0.68 0.718 0.694 0.7 0.716 0.74 0.728 0.736 0.744 0.752 0.756 0.768 0.78 0.776 0.782 0.774 0.788 0.782 0.792 0.784 0.788 0.778 0.79 0.788 0.8 0.804 0.79 0.796 0.81 0.8 0.798 0.814 0.818 0.816 0.816 0.808 0.814 0.814 0.82 0.814 0.816 0.81 0.816 0.814 0.816 0.826 0.812 0.822 0.824 0.828 0.82 0.826 0.822 0.818 0.824 0.84 0.83 0.83 0.826 0.84 0.832 0.842 0.842 0.832 0.826 0.842 0.832 0.836 0.848 0.836 0.848 0.844 0.846 0.858 0.854 0.834 0.838 0.854 
====================model_negation
0 0.098 0.098 0.116 0.106 0.106 0.106 0.098 0.098 0.098 0.098 0.098 0.248 0.222 0.266 0.304 0.336 0.372 0.406 0.444 0.5 0.552 0.594 0.596 0.61 0.67 0.72 0.736 0.74 0.736 0.744 0.742 0.738 0.764 0.77 0.758 0.764 0.768 0.774 0.776 0.786 0.776 0.774 0.788 0.792 0.78 0.792 0.804 0.784 0.798 0.796 0.806 0.81 0.798 0.822 0.816 0.814 0.812 0.804 0.816 0.816 0.826 0.814 0.808 0.818 0.814 0.824 0.824 0.836 0.838 0.838 0.842 0.832 0.836 0.838 0.846 0.836 0.84 0.844 0.856 0.85 0.848 0.848 0.846 0.836 0.854 0.85 0.846 0.846 0.848 0.846 0.846 0.852 0.85 0.848 0.848 0.844 0.848 0.846 0.848 0.85 0.84 0.844 0.852 0.858 0.852 0.856 0.856 0.854 0.852 0.844 0.84 0.848 0.848 0.856 0.848 0.858 0.862 0.852 0.864 0.848 
====================model_negation
0 0.114 0.104 0.104 0.114 0.114 0.114 0.114 0.094 0.114 0.136 0.204 0.228 0.27 0.282 0.322 0.318 0.378 0.412 0.494 0.546 0.568 0.566 0.586 0.576 0.63 0.656 0.674 0.674 0.678 0.692 0.67 0.698 0.706 0.726 0.71 0.716 0.728 0.74 0.742 0.724 0.75 0.756 0.726 0.752 0.738 0.744 0.75 0.766 0.774 0.772 0.74 0.772 0.79 0.794 0.788 0.8 0.802 0.792 0.792 0.802 0.806 0.802 0.794 0.788 0.792 0.804 0.814 0.816 0.816 0.814 0.824 0.812 0.812 0.834 0.83 0.824 0.83 0.832 0.834 0.83 0.83 0.832 0.834 0.838 0.836 0.834 0.832 0.836 0.84 0.846 0.834 0.836 0.832 0.834 0.838 0.834 0.84 0.844 0.836 0.838 0.842 0.838 0.842 0.844 0.838 0.842 0.848 0.838 0.84 0.846 0.838 0.84 0.84 0.844 0.846 0.848 0.852 0.84 0.84 0.858 
====================model_negation
0 0.102 0.084 0.108 0.108 0.108 0.108 0.108 0.108 0.084 0.084 0.084 0.084 0.106 0.092 0.092 0.174 0.092 0.092 0.2 0.186 0.222 0.298 0.404 0.428 0.448 0.482 0.55 0.568 0.564 0.594 0.65 0.64 0.654 0.68 0.678 0.708 0.708 0.69 0.716 0.728 0.716 0.714 0.744 0.752 0.744 0.74 0.756 0.75 0.754 0.76 0.746 0.752 0.764 0.75 0.754 0.766 0.76 0.764 0.76 0.77 0.768 0.754 0.774 0.774 0.778 0.77 0.766 0.77 0.778 0.784 0.77 0.784 0.796 0.78 0.784 0.796 0.784 0.776 0.79 0.784 0.794 0.792 0.784 0.786 0.796 0.792 0.794 0.794 0.796 0.78 0.796 0.786 0.798 0.796 0.802 0.8 0.806 0.808 0.806 0.804 0.802 0.808 0.802 0.798 0.81 0.81 0.802 0.806 0.81 0.808 0.794 0.804 0.8 0.814 0.822 0.808 0.816 0.824 0.828 0.812 
====================model_negation
0 0.098 0.104 0.104 0.102 0.09 0.09 0.098 0.098 0.098 0.098 0.108 0.098 0.098 0.098 0.098 0.098 0.098 0.216 0.212 0.188 0.232 0.386 0.362 0.44 0.486 0.486 0.512 0.556 0.614 0.618 0.634 0.636 0.654 0.668 0.676 0.694 0.7 0.69 0.71 0.716 0.716 0.726 0.736 0.738 0.74 0.736 0.734 0.74 0.734 0.736 0.734 0.74 0.736 0.738 0.73 0.744 0.746 0.754 0.75 0.75 0.756 0.748 0.748 0.74 0.744 0.752 0.758 0.756 0.754 0.752 0.772 0.762 0.756 0.762 0.762 0.76 0.772 0.766 0.762 0.764 0.782 0.77 0.798 0.778 0.78 0.772 0.776 0.788 0.774 0.796 0.784 0.77 0.786 0.782 0.784 0.8 0.778 0.798 0.802 0.792 0.804 0.798 0.792 0.808 0.808 0.81 0.826 0.82 0.816 0.82 0.816 0.816 0.824 0.82 0.82 0.826 0.838 0.826 0.828 0.806 
====================model_negation
0 0.128 0.128 0.114 0.088 0.094 0.094 0.08 0.08 0.08 0.08 0.08 0.08 0.08 0.08 0.096 0.2 0.114 0.132 0.254 0.246 0.198 0.234 0.33 0.422 0.462 0.476 0.5 0.52 0.562 0.576 0.582 0.598 0.628 0.632 0.648 0.65 0.662 0.668 0.674 0.676 0.666 0.686 0.698 0.696 0.698 0.706 0.706 0.706 0.716 0.71 0.72 0.718 0.734 0.736 0.732 0.74 0.728 0.724 0.738 0.756 0.742 0.756 0.758 0.762 0.778 0.768 0.768 0.766 0.766 0.774 0.772 0.76 0.752 0.776 0.792 0.766 0.782 0.794 0.768 0.766 0.78 0.776 0.782 0.77 0.798 0.782 0.784 0.786 0.792 0.802 0.784 0.798 0.792 0.81 0.804 0.804 0.806 0.792 0.788 0.806 0.814 0.81 0.802 0.802 0.806 0.808 0.826 0.822 0.822 0.824 0.818 0.83 0.83 0.818 0.828 0.82 0.826 0.826 0.824 0.82 
====================model_negation
0 0.1 0.1 0.1 0.1 0.114 0.114 0.1 0.1 0.1 0.1 0.1 0.1 0.1 0.1 0.1 0.1 0.1 0.134 0.222 0.228 0.25 0.354 0.42 0.45 0.476 0.502 0.494 0.544 0.59 0.58 0.588 0.6 0.63 0.658 0.674 0.672 0.674 0.69 0.694 0.694 0.698 0.706 0.714 0.716 0.724 0.726 0.726 0.726 0.73 0.734 0.734 0.736 0.75 0.746 0.738 0.752 0.736 0.736 0.758 0.768 0.752 0.776 0.758 0.774 0.774 0.768 0.764 0.78 0.784 0.79 0.792 0.778 0.78 0.784 0.802 0.782 0.802 0.804 0.798 0.794 0.792 0.798 0.808 0.798 0.8 0.804 0.816 0.816 0.814 0.808 0.81 0.818 0.808 0.81 0.82 0.82 0.82 0.818 0.812 0.814 0.826 0.824 0.8 0.8 0.818 0.828 0.81 0.822 0.82 0.824 0.806 0.818 0.812 0.818 0.824 0.814 0.814 0.818 0.824 0.814 
====================model_negation
0 0.118 0.092 0.096 0.106 0.106 0.106 0.092 0.092 0.092 0.092 0.106 0.106 0.092 0.092 0.106 0.092 0.144 0.15 0.178 0.218 0.26 0.362 0.382 0.438 0.47 0.488 0.52 0.57 0.554 0.622 0.626 0.63 0.658 0.674 0.684 0.7 0.718 0.714 0.716 0.73 0.732 0.726 0.742 0.744 0.746 0.754 0.746 0.754 0.75 0.754 0.752 0.76 0.756 0.754 0.762 0.76 0.75 0.762 0.786 0.782 0.77 0.778 0.776 0.79 0.792 0.78 0.782 0.798 0.8 0.794 0.798 0.788 0.806 0.808 0.804 0.812 0.814 0.812 0.816 0.808 0.808 0.814 0.81 0.82 0.822 0.822 0.82 0.822 0.824 0.808 0.812 0.816 0.822 0.818 0.824 0.816 0.824 0.82 0.82 0.834 0.818 0.812 0.834 0.816 0.814 0.826 0.824 0.822 0.826 0.822 0.818 0.836 0.832 0.826 0.826 0.834 0.842 0.844 0.844 0.836 
====================model_negation
0 0.104 0.104 0.104 0.104 0.104 0.104 0.104 0.104 0.104 0.104 0.104 0.104 0.104 0.104 0.104 0.104 0.106 0.2 0.192 0.212 0.246 0.322 0.428 0.49 0.512 0.524 0.548 0.604 0.63 0.634 0.648 0.638 0.672 0.692 0.704 0.718 0.726 0.742 0.74 0.76 0.75 0.744 0.766 0.762 0.77 0.76 0.768 0.766 0.782 0.774 0.766 0.76 0.78 0.784 0.79 0.782 0.784 0.792 0.788 0.794 0.786 0.79 0.792 0.79 0.796 0.798 0.79 0.806 0.81 0.812 0.814 0.798 0.804 0.806 0.82 0.816 0.822 0.814 0.81 0.818 0.82 0.822 0.822 0.808 0.824 0.816 0.816 0.814 0.818 0.822 0.818 0.822 0.812 0.818 0.826 0.824 0.82 0.83 0.81 0.81 0.83 0.83 0.808 0.812 0.816 0.82 0.81 0.818 0.82 0.824 0.828 0.812 0.816 0.822 0.826 0.818 0.824 0.836 0.832 0.822 
====================model_negation
0 0.1 0.104 0.104 0.104 0.104 0.1 0.1 0.1 0.1 0.1 0.1 0.1 0.104 0.104 0.104 0.104 0.104 0.104 0.202 0.204 0.232 0.378 0.438 0.474 0.482 0.502 0.516 0.562 0.588 0.592 0.604 0.632 0.632 0.648 0.678 0.676 0.696 0.672 0.702 0.696 0.724 0.716 0.734 0.736 0.738 0.748 0.74 0.754 0.736 0.736 0.756 0.76 0.766 0.76 0.744 0.756 0.762 0.768 0.782 0.772 0.782 0.772 0.778 0.782 0.766 0.776 0.77 0.76 0.788 0.772 0.778 0.782 0.784 0.79 0.776 0.794 0.782 0.788 0.786 0.784 0.786 0.8 0.792 0.796 0.796 0.8 0.798 0.786 0.8 0.782 0.788 0.794 0.802 0.804 0.79 0.796 0.802 0.79 0.818 0.812 0.794 0.788 0.808 0.812 0.814 0.806 0.808 0.802 0.802 0.816 0.808 0.822 0.808 0.802 0.81 0.804 0.814 0.81 0.802 0.818 
====================model_negation
0 0.104 0.112 0.112 0.118 0.104 0.104 0.084 0.084 0.084 0.084 0.084 0.084 0.084 0.084 0.12 0.158 0.104 0.108 0.186 0.178 0.258 0.224 0.342 0.402 0.43 0.44 0.47 0.548 0.548 0.564 0.566 0.67 0.682 0.69 0.71 0.71 0.72 0.712 0.738 0.73 0.73 0.732 0.742 0.744 0.754 0.746 0.762 0.754 0.77 0.764 0.772 0.754 0.768 0.772 0.772 0.772 0.772 0.78 0.764 0.79 0.774 0.784 0.786 0.79 0.788 0.788 0.786 0.8 0.798 0.802 0.794 0.782 0.786 0.794 0.796 0.796 0.802 0.802 0.796 0.804 0.796 0.79 0.8 0.804 0.814 0.806 0.812 0.796 0.814 0.804 0.802 0.808 0.816 0.82 0.81 0.826 0.82 0.824 0.812 0.82 0.816 0.816 0.822 0.822 0.83 0.824 0.838 0.82 0.822 0.828 0.83 0.83 0.832 0.816 0.82 0.83 0.828 0.836 0.826 0.832 
====================model_negation
0 0.122 0.092 0.106 0.106 0.106 0.092 0.092 0.122 0.122 0.122 0.122 0.092 0.088 0.088 0.088 0.124 0.078 0.084 0.212 0.202 0.23 0.314 0.38 0.396 0.43 0.482 0.516 0.576 0.604 0.634 0.638 0.666 0.692 0.7 0.71 0.728 0.726 0.714 0.744 0.746 0.74 0.75 0.75 0.768 0.768 0.778 0.768 0.774 0.776 0.774 0.778 0.766 0.768 0.774 0.768 0.776 0.764 0.778 0.79 0.79 0.792 0.788 0.786 0.79 0.786 0.788 0.79 0.786 0.808 0.794 0.806 0.794 0.812 0.81 0.802 0.81 0.814 0.818 0.804 0.804 0.826 0.818 0.818 0.822 0.814 0.828 0.824 0.826 0.834 0.832 0.81 0.818 0.824 0.826 0.822 0.828 0.83 0.824 0.83 0.83 0.828 0.828 0.83 0.834 0.828 0.828 0.832 0.84 0.832 0.846 0.83 0.834 0.838 0.832 0.838 0.848 0.832 0.832 0.834 0.832 
====================model_negation
0 0.1 0.096 0.116 0.116 0.116 0.116 0.116 0.096 0.096 0.116 0.116 0.116 0.096 0.096 0.09 0.096 0.096 0.106 0.228 0.242 0.252 0.32 0.432 0.464 0.476 0.498 0.532 0.536 0.626 0.632 0.66 0.654 0.672 0.69 0.696 0.702 0.71 0.706 0.716 0.712 0.722 0.742 0.748 0.744 0.746 0.744 0.758 0.748 0.758 0.756 0.766 0.756 0.764 0.772 0.77 0.782 0.752 0.776 0.782 0.794 0.786 0.784 0.792 0.788 0.794 0.788 0.786 0.784 0.786 0.792 0.796 0.8 0.804 0.806 0.802 0.79 0.808 0.808 0.808 0.804 0.818 0.814 0.812 0.818 0.812 0.822 0.82 0.808 0.816 0.81 0.818 0.814 0.816 0.822 0.83 0.812 0.822 0.832 0.818 0.822 0.824 0.824 0.822 0.82 0.832 0.83 0.814 0.824 0.83 0.826 0.832 0.812 0.824 0.836 0.836 0.828 0.822 0.834 0.838 0.834 
====================grad_scale
0 0.104 0.08 0.08 0.08 0.084 0.084 0.084 0.118 0.118 0.118 0.084 0.084 0.118 0.118 0.126 0.164 0.164 0.18 0.202 0.276 0.27 0.324 0.402 0.422 0.454 0.492 0.484 0.502 0.526 0.572 0.57 0.588 0.638 0.614 0.658 0.642 0.694 0.66 0.692 0.69 0.702 0.702 0.714 0.674 0.706 0.728 0.718 0.718 0.726 0.704 0.73 0.732 0.734 0.732 0.734 0.702 0.736 0.744 0.742 0.764 0.756 0.762 0.754 0.764 0.778 0.756 0.774 0.772 0.764 0.778 0.776 0.778 0.776 0.778 0.796 0.774 0.792 0.79 0.786 0.796 0.8 0.776 0.788 0.794 0.794 0.792 0.798 0.804 0.804 0.792 0.812 0.792 0.804 0.812 0.816 0.81 0.812 0.814 0.808 0.814 0.816 0.812 0.818 0.818 0.82 0.82 0.824 0.814 0.832 0.832 0.82 0.822 0.83 0.816 0.824 0.826 0.828 0.816 0.814 0.82 
====================grad_scale
0 0.108 0.108 0.108 0.108 0.094 0.094 0.094 0.094 0.094 0.094 0.094 0.108 0.094 0.094 0.088 0.154 0.176 0.204 0.236 0.264 0.248 0.306 0.384 0.39 0.41 0.442 0.502 0.482 0.554 0.566 0.568 0.594 0.628 0.618 0.642 0.616 0.656 0.626 0.676 0.668 0.686 0.682 0.688 0.702 0.66 0.69 0.698 0.712 0.716 0.716 0.734 0.7 0.73 0.756 0.744 0.742 0.746 0.762 0.76 0.762 0.756 0.756 0.768 0.766 0.772 0.776 0.774 0.776 0.77 0.772 0.778 0.772 0.782 0.78 0.768 0.766 0.784 0.782 0.778 0.78 0.778 0.772 0.786 0.788 0.786 0.776 0.806 0.788 0.79 0.794 0.804 0.794 0.794 0.798 0.806 0.806 0.792 0.806 0.822 0.81 0.808 0.81 0.822 0.814 0.816 0.824 0.816 0.812 0.838 0.826 0.82 0.826 0.836 0.806 0.822 0.824 0.818 0.832 0.828 0.828 
====================grad_scale
0 0.11 0.116 0.094 0.094 0.116 0.116 0.116 0.116 0.116 0.116 0.11 0.11 0.11 0.13 0.186 0.186 0.19 0.214 0.22 0.292 0.332 0.378 0.414 0.42 0.442 0.422 0.476 0.51 0.526 0.592 0.602 0.616 0.616 0.646 0.638 0.65 0.652 0.668 0.678 0.684 0.692 0.692 0.702 0.71 0.688 0.714 0.71 0.724 0.728 0.734 0.754 0.744 0.76 0.75 0.742 0.752 0.764 0.76 0.746 0.764 0.76 0.772 0.764 0.77 0.768 0.782 0.778 0.782 0.788 0.786 0.784 0.776 0.802 0.788 0.804 0.786 0.806 0.818 0.806 0.83 0.812 0.806 0.822 0.822 0.83 0.822 0.83 0.816 0.84 0.834 0.838 0.82 0.822 0.838 0.836 0.83 0.842 0.84 0.848 0.84 0.842 0.84 0.846 0.844 0.85 0.838 0.848 0.838 0.848 0.85 0.846 0.844 0.838 0.844 0.832 0.846 0.848 0.852 0.844 0.846 
====================grad_scale
0 0.08 0.102 0.1 0.1 0.1 0.1 0.1 0.1 0.108 0.108 0.1 0.1 0.1 0.1 0.172 0.176 0.178 0.202 0.272 0.282 0.324 0.37 0.414 0.442 0.452 0.514 0.508 0.54 0.572 0.582 0.6 0.626 0.634 0.664 0.64 0.656 0.65 0.672 0.67 0.684 0.694 0.688 0.72 0.71 0.718 0.716 0.686 0.726 0.722 0.742 0.732 0.734 0.722 0.74 0.74 0.748 0.744 0.75 0.746 0.754 0.764 0.764 0.764 0.78 0.76 0.768 0.768 0.78 0.78 0.78 0.778 0.776 0.778 0.784 0.794 0.786 0.798 0.794 0.79 0.804 0.8 0.786 0.792 0.81 0.79 0.796 0.808 0.792 0.802 0.796 0.812 0.806 0.798 0.804 0.814 0.802 0.81 0.812 0.81 0.82 0.822 0.818 0.822 0.832 0.824 0.826 0.818 0.824 0.826 0.82 0.82 0.824 0.818 0.838 0.828 0.836 0.838 0.826 0.83 0.832 
====================grad_scale
0 0.106 0.116 0.116 0.116 0.098 0.098 0.098 0.142 0.116 0.116 0.098 0.098 0.098 0.106 0.106 0.21 0.212 0.264 0.3 0.298 0.324 0.33 0.434 0.438 0.452 0.472 0.544 0.518 0.546 0.592 0.592 0.636 0.658 0.652 0.658 0.678 0.722 0.676 0.702 0.73 0.736 0.726 0.752 0.74 0.744 0.752 0.734 0.752 0.754 0.754 0.764 0.77 0.766 0.774 0.768 0.774 0.788 0.784 0.768 0.804 0.788 0.804 0.81 0.8 0.792 0.81 0.808 0.806 0.806 0.808 0.816 0.806 0.812 0.808 0.82 0.81 0.804 0.812 0.816 0.82 0.828 0.814 0.816 0.824 0.826 0.814 0.81 0.824 0.824 0.822 0.826 0.814 0.826 0.83 0.828 0.816 0.842 0.832 0.826 0.846 0.834 0.814 0.828 0.826 0.834 0.83 0.832 0.822 0.83 0.832 0.836 0.832 0.83 0.84 0.822 0.832 0.828 0.838 0.84 0.838 
====================grad_scale
0 0.104 0.106 0.092 0.092 0.092 0.108 0.108 0.108 0.108 0.108 0.108 0.108 0.038 0.092 0.168 0.224 0.226 0.254 0.278 0.268 0.328 0.328 0.428 0.43 0.444 0.498 0.508 0.55 0.596 0.584 0.602 0.63 0.636 0.634 0.628 0.63 0.652 0.652 0.672 0.686 0.696 0.702 0.71 0.706 0.726 0.73 0.708 0.728 0.73 0.738 0.738 0.744 0.746 0.744 0.75 0.754 0.77 0.764 0.758 0.766 0.754 0.776 0.774 0.772 0.756 0.778 0.766 0.776 0.782 0.794 0.798 0.78 0.792 0.788 0.79 0.784 0.79 0.8 0.792 0.814 0.802 0.796 0.804 0.796 0.81 0.816 0.794 0.81 0.804 0.808 0.812 0.796 0.816 0.822 0.82 0.814 0.806 0.83 0.828 0.816 0.822 0.822 0.826 0.822 0.826 0.822 0.83 0.822 0.836 0.83 0.834 0.826 0.822 0.824 0.822 0.828 0.816 0.818 0.822 0.83 
====================grad_scale
0 0.088 0.08 0.114 0.096 0.096 0.096 0.094 0.094 0.094 0.08 0.08 0.056 0.054 0.086 0.066 0.14 0.158 0.17 0.162 0.26 0.338 0.356 0.422 0.442 0.454 0.47 0.51 0.508 0.558 0.558 0.57 0.594 0.588 0.602 0.61 0.582 0.604 0.646 0.618 0.642 0.658 0.666 0.67 0.666 0.666 0.652 0.662 0.668 0.686 0.7 0.692 0.706 0.7 0.71 0.718 0.712 0.72 0.724 0.72 0.734 0.726 0.748 0.732 0.73 0.732 0.73 0.72 0.748 0.75 0.754 0.762 0.758 0.748 0.76 0.768 0.76 0.778 0.782 0.764 0.794 0.784 0.782 0.79 0.782 0.782 0.792 0.784 0.794 0.788 0.792 0.81 0.786 0.818 0.802 0.812 0.798 0.794 0.806 0.824 0.798 0.798 0.816 0.818 0.804 0.81 0.814 0.814 0.802 0.814 0.818 0.812 0.814 0.82 0.824 0.808 0.812 0.806 0.808 0.818 0.816 
====================grad_scale
0 0.088 0.094 0.094 0.094 0.094 0.094 0.094 0.094 0.094 0.072 0.094 0.094 0.094 0.094 0.072 0.162 0.17 0.186 0.186 0.322 0.34 0.384 0.458 0.444 0.478 0.504 0.53 0.54 0.546 0.586 0.604 0.61 0.616 0.642 0.634 0.648 0.658 0.662 0.656 0.676 0.682 0.69 0.71 0.708 0.716 0.712 0.706 0.7 0.73 0.722 0.726 0.762 0.734 0.716 0.732 0.736 0.736 0.736 0.728 0.742 0.748 0.748 0.736 0.744 0.744 0.746 0.742 0.754 0.77 0.776 0.77 0.758 0.764 0.766 0.774 0.77 0.784 0.79 0.782 0.798 0.788 0.798 0.806 0.792 0.798 0.798 0.79 0.8 0.796 0.796 0.802 0.796 0.814 0.806 0.82 0.816 0.804 0.81 0.822 0.804 0.826 0.808 0.812 0.806 0.81 0.82 0.818 0.802 0.824 0.832 0.814 0.824 0.82 0.81 0.802 0.822 0.808 0.814 0.818 0.808 
====================grad_scale
0 0.082 0.106 0.124 0.124 0.124 0.09 0.09 0.09 0.09 0.09 0.09 0.09 0.09 0.09 0.128 0.202 0.18 0.218 0.214 0.29 0.274 0.326 0.386 0.442 0.452 0.498 0.528 0.562 0.564 0.604 0.602 0.61 0.624 0.636 0.634 0.67 0.648 0.67 0.672 0.71 0.716 0.698 0.734 0.728 0.728 0.734 0.714 0.732 0.742 0.748 0.752 0.744 0.766 0.756 0.754 0.758 0.766 0.764 0.754 0.77 0.778 0.77 0.784 0.778 0.774 0.786 0.778 0.776 0.778 0.782 0.782 0.78 0.784 0.786 0.788 0.786 0.792 0.792 0.794 0.808 0.796 0.804 0.8 0.814 0.802 0.81 0.818 0.808 0.804 0.8 0.824 0.808 0.818 0.816 0.824 0.812 0.814 0.82 0.826 0.812 0.834 0.826 0.826 0.826 0.828 0.836 0.82 0.818 0.822 0.832 0.82 0.826 0.826 0.832 0.84 0.844 0.848 0.832 0.838 0.846 
====================grad_scale
0 0.098 0.1 0.1 0.1 0.1 0.1 0.1 0.1 0.1 0.1 0.1 0.1 0.1 0.1 0.172 0.206 0.192 0.188 0.226 0.228 0.292 0.362 0.424 0.426 0.442 0.476 0.536 0.51 0.56 0.61 0.598 0.612 0.616 0.614 0.628 0.646 0.648 0.668 0.682 0.688 0.704 0.682 0.694 0.686 0.702 0.702 0.696 0.708 0.714 0.7 0.722 0.72 0.72 0.726 0.744 0.732 0.738 0.742 0.75 0.756 0.738 0.756 0.746 0.74 0.758 0.746 0.75 0.754 0.758 0.764 0.778 0.774 0.768 0.776 0.784 0.774 0.784 0.786 0.784 0.79 0.802 0.774 0.804 0.802 0.812 0.804 0.804 0.802 0.804 0.806 0.8 0.814 0.802 0.818 0.81 0.802 0.804 0.816 0.806 0.814 0.822 0.826 0.81 0.818 0.832 0.814 0.826 0.822 0.816 0.826 0.818 0.82 0.822 0.826 0.824 0.832 0.832 0.832 0.83 0.828 
====================grad_scale
0 0.094 0.118 0.118 0.118 0.118 0.108 0.108 0.108 0.108 0.108 0.086 0.108 0.108 0.108 0.118 0.118 0.118 0.118 0.118 0.118 0.118 0.118 0.118 0.118 0.118 0.118 0.118 0.118 0.11 0.126 0.162 0.216 0.232 0.3 0.302 0.316 0.374 0.43 0.522 0.474 0.53 0.532 0.57 0.58 0.576 0.606 0.608 0.614 0.622 0.628 0.678 0.682 0.682 0.678 0.688 0.706 0.702 0.73 0.722 0.724 0.724 0.74 0.73 0.748 0.728 0.732 0.74 0.75 0.75 0.76 0.75 0.742 0.772 0.762 0.762 0.756 0.762 0.762 0.78 0.78 0.79 0.796 0.798 0.792 0.794 0.79 0.802 0.792 0.798 0.798 0.806 0.806 0.814 0.816 0.814 0.812 0.812 0.814 0.818 0.81 0.818 0.814 0.824 0.822 0.82 0.822 0.826 0.832 0.832 0.828 0.842 0.838 0.834 0.838 0.826 0.832 0.836 0.844 0.842 0.844 
====================grad_scale
0 0.096 0.096 0.096 0.096 0.096 0.096 0.096 0.096 0.096 0.096 0.096 0.096 0.096 0.096 0.096 0.096 0.096 0.096 0.096 0.096 0.096 0.096 0.096 0.096 0.096 0.096 0.096 0.096 0.196 0.15 0.168 0.192 0.22 0.248 0.29 0.31 0.272 0.334 0.384 0.416 0.456 0.522 0.516 0.528 0.542 0.592 0.606 0.608 0.63 0.648 0.626 0.636 0.656 0.672 0.67 0.682 0.696 0.706 0.706 0.7 0.708 0.714 0.72 0.72 0.718 0.706 0.708 0.726 0.728 0.726 0.726 0.736 0.736 0.736 0.736 0.746 0.734 0.738 0.754 0.75 0.74 0.746 0.75 0.756 0.758 0.738 0.766 0.77 0.77 0.756 0.772 0.774 0.78 0.77 0.788 0.788 0.788 0.79 0.794 0.81 0.788 0.796 0.816 0.808 0.8 0.802 0.804 0.798 0.8 0.808 0.828 0.824 0.822 0.814 0.822 0.82 0.814 0.834 0.824 0.818 
====================grad_scale
0 0.084 0.084 0.092 0.092 0.108 0.108 0.108 0.102 0.108 0.092 0.092 0.108 0.108 0.108 0.108 0.108 0.108 0.108 0.108 0.108 0.108 0.092 0.108 0.108 0.084 0.084 0.148 0.112 0.15 0.18 0.184 0.186 0.21 0.234 0.27 0.282 0.354 0.36 0.422 0.49 0.492 0.504 0.524 0.526 0.55 0.586 0.62 0.632 0.66 0.66 0.656 0.672 0.684 0.716 0.684 0.678 0.714 0.702 0.704 0.698 0.73 0.718 0.734 0.732 0.734 0.708 0.732 0.74 0.74 0.752 0.758 0.756 0.744 0.77 0.776 0.776 0.78 0.772 0.772 0.762 0.764 0.764 0.776 0.784 0.78 0.778 0.786 0.784 0.794 0.778 0.798 0.794 0.802 0.8 0.792 0.79 0.792 0.792 0.796 0.792 0.782 0.8 0.786 0.802 0.796 0.812 0.792 0.794 0.804 0.81 0.79 0.802 0.804 0.81 0.802 0.814 0.826 0.8 0.792 0.808 
====================grad_scale
0 0.092 0.102 0.102 0.102 0.102 0.102 0.102 0.102 0.102 0.102 0.102 0.102 0.102 0.102 0.102 0.102 0.102 0.102 0.102 0.102 0.102 0.102 0.102 0.102 0.102 0.102 0.102 0.102 0.102 0.102 0.174 0.174 0.312 0.278 0.286 0.346 0.308 0.362 0.424 0.472 0.51 0.542 0.554 0.536 0.554 0.646 0.662 0.666 0.696 0.684 0.72 0.72 0.728 0.746 0.748 0.756 0.756 0.768 0.762 0.768 0.768 0.778 0.752 0.776 0.766 0.798 0.79 0.78 0.774 0.788 0.794 0.806 0.792 0.806 0.81 0.808 0.806 0.812 0.802 0.814 0.816 0.814 0.808 0.816 0.818 0.806 0.818 0.82 0.818 0.812 0.822 0.824 0.828 0.83 0.832 0.828 0.834 0.828 0.836 0.822 0.826 0.834 0.82 0.832 0.838 0.834 0.828 0.844 0.834 0.836 0.83 0.842 0.84 0.842 0.836 0.844 0.854 0.842 0.824 0.838 
====================grad_scale
0 0.094 0.11 0.094 0.094 0.094 0.094 0.094 0.11 0.11 0.11 0.094 0.11 0.106 0.11 0.11 0.094 0.094 0.094 0.106 0.106 0.094 0.094 0.094 0.092 0.094 0.094 0.094 0.094 0.09 0.148 0.178 0.23 0.244 0.276 0.302 0.308 0.328 0.348 0.396 0.456 0.478 0.52 0.528 0.544 0.572 0.568 0.628 0.622 0.66 0.67 0.688 0.692 0.704 0.726 0.718 0.722 0.724 0.746 0.744 0.744 0.748 0.744 0.758 0.74 0.762 0.74 0.766 0.774 0.762 0.776 0.758 0.784 0.786 0.764 0.776 0.778 0.774 0.79 0.786 0.786 0.804 0.788 0.788 0.798 0.79 0.784 0.808 0.798 0.798 0.796 0.796 0.802 0.808 0.798 0.802 0.808 0.804 0.812 0.814 0.8 0.818 0.818 0.804 0.822 0.822 0.818 0.818 0.834 0.83 0.83 0.832 0.832 0.84 0.83 0.832 0.828 0.832 0.84 0.826 0.828 
====================grad_scale
0 0.104 0.104 0.104 0.094 0.088 0.088 0.088 0.088 0.104 0.104 0.104 0.104 0.104 0.1 0.1 0.1 0.1 0.104 0.104 0.104 0.104 0.104 0.104 0.104 0.1 0.104 0.1 0.1 0.1 0.188 0.192 0.206 0.232 0.272 0.272 0.328 0.362 0.372 0.374 0.436 0.45 0.512 0.546 0.586 0.592 0.606 0.626 0.628 0.634 0.614 0.658 0.68 0.67 0.68 0.686 0.72 0.706 0.716 0.696 0.71 0.718 0.728 0.712 0.726 0.734 0.75 0.75 0.736 0.736 0.75 0.752 0.762 0.75 0.762 0.75 0.772 0.772 0.778 0.766 0.772 0.776 0.778 0.774 0.786 0.788 0.766 0.786 0.778 0.794 0.786 0.794 0.792 0.798 0.798 0.798 0.796 0.798 0.798 0.794 0.784 0.794 0.802 0.788 0.802 0.8 0.808 0.798 0.81 0.806 0.816 0.812 0.812 0.812 0.812 0.818 0.832 0.832 0.82 0.828 0.826 
====================grad_scale
0 0.092 0.106 0.102 0.102 0.102 0.088 0.088 0.122 0.102 0.088 0.088 0.088 0.102 0.102 0.102 0.102 0.102 0.092 0.092 0.092 0.102 0.102 0.102 0.122 0.122 0.088 0.102 0.122 0.22 0.212 0.242 0.23 0.216 0.214 0.254 0.286 0.31 0.336 0.428 0.47 0.512 0.494 0.506 0.516 0.584 0.582 0.634 0.644 0.672 0.68 0.704 0.69 0.722 0.71 0.714 0.74 0.732 0.75 0.732 0.744 0.752 0.762 0.754 0.758 0.75 0.762 0.754 0.754 0.774 0.768 0.778 0.782 0.764 0.792 0.782 0.778 0.78 0.796 0.806 0.804 0.804 0.808 0.802 0.8 0.814 0.8 0.802 0.808 0.804 0.804 0.816 0.814 0.81 0.814 0.81 0.812 0.816 0.816 0.816 0.806 0.82 0.818 0.82 0.82 0.826 0.816 0.828 0.814 0.808 0.83 0.832 0.83 0.832 0.828 0.826 0.834 0.84 0.828 0.83 0.824 
====================grad_scale
0 0.108 0.098 0.102 0.098 0.098 0.098 0.098 0.098 0.098 0.098 0.102 0.102 0.09 0.102 0.102 0.102 0.09 0.09 0.098 0.098 0.098 0.098 0.098 0.086 0.09 0.08 0.088 0.098 0.164 0.214 0.192 0.256 0.274 0.266 0.304 0.272 0.346 0.36 0.396 0.508 0.478 0.51 0.522 0.518 0.528 0.598 0.632 0.65 0.686 0.652 0.694 0.682 0.666 0.706 0.69 0.722 0.73 0.732 0.732 0.74 0.748 0.738 0.746 0.74 0.752 0.758 0.764 0.764 0.756 0.76 0.772 0.774 0.776 0.784 0.774 0.784 0.772 0.784 0.786 0.788 0.782 0.796 0.792 0.792 0.8 0.78 0.786 0.794 0.808 0.786 0.808 0.804 0.806 0.806 0.808 0.812 0.812 0.81 0.806 0.808 0.806 0.82 0.802 0.82 0.806 0.814 0.83 0.824 0.818 0.82 0.826 0.838 0.838 0.844 0.834 0.832 0.834 0.826 0.806 0.816 
====================grad_scale
0 0.096 0.1 0.096 0.096 0.096 0.096 0.096 0.1 0.1 0.096 0.096 0.1 0.088 0.1 0.096 0.096 0.096 0.1 0.1 0.1 0.096 0.096 0.096 0.088 0.1 0.096 0.096 0.134 0.088 0.16 0.182 0.194 0.202 0.256 0.262 0.304 0.318 0.41 0.438 0.498 0.516 0.496 0.528 0.524 0.556 0.556 0.598 0.596 0.644 0.644 0.666 0.69 0.696 0.702 0.716 0.698 0.72 0.728 0.728 0.73 0.726 0.74 0.734 0.738 0.74 0.752 0.73 0.748 0.746 0.754 0.75 0.752 0.752 0.758 0.732 0.756 0.752 0.756 0.768 0.766 0.772 0.774 0.778 0.772 0.784 0.754 0.776 0.788 0.786 0.774 0.788 0.796 0.788 0.794 0.79 0.8 0.798 0.794 0.79 0.786 0.794 0.808 0.808 0.81 0.814 0.806 0.818 0.8 0.796 0.824 0.812 0.81 0.816 0.814 0.824 0.82 0.83 0.814 0.814 0.822 
====================grad_scale
0 0.102 0.084 0.118 0.102 0.102 0.112 0.102 0.118 0.12 0.12 0.12 0.102 0.102 0.102 0.102 0.112 0.118 0.118 0.084 0.102 0.102 0.102 0.102 0.102 0.102 0.102 0.102 0.102 0.106 0.18 0.18 0.188 0.188 0.234 0.216 0.258 0.248 0.358 0.404 0.41 0.458 0.47 0.518 0.522 0.524 0.532 0.608 0.654 0.676 0.66 0.678 0.7 0.686 0.702 0.712 0.718 0.728 0.728 0.732 0.73 0.736 0.732 0.742 0.742 0.738 0.738 0.742 0.752 0.748 0.76 0.76 0.756 0.756 0.76 0.756 0.764 0.758 0.762 0.774 0.78 0.774 0.778 0.782 0.774 0.768 0.764 0.776 0.78 0.776 0.78 0.79 0.794 0.788 0.788 0.788 0.78 0.78 0.786 0.786 0.784 0.784 0.796 0.798 0.798 0.796 0.794 0.802 0.784 0.792 0.798 0.802 0.808 0.812 0.814 0.816 0.806 0.812 0.816 0.81 0.806 
====================grad_scale
0 0.1 0.108 0.1 0.1 0.1 0.1 0.108 0.1 0.09 0.108 0.108 0.09 0.108 0.108 0.1 0.132 0.188 0.26 0.286 0.328 0.36 0.516 0.59 0.58 0.598 0.574 0.602 0.636 0.638 0.66 0.656 0.702 0.722 0.714 0.73 0.75 0.754 0.75 0.754 0.768 0.754 0.76 0.764 0.77 0.778 0.776 0.784 0.782 0.788 0.8 0.786 0.806 0.792 0.8 0.81 0.798 0.798 0.808 0.804 0.806 0.804 0.814 0.802 0.806 0.794 0.818 0.802 0.81 0.804 0.816 0.81 0.812 0.824 0.818 0.832 0.822 0.818 0.816 0.818 0.818 0.822 0.826 0.82 0.834 0.826 0.832 0.816 0.832 0.832 0.828 0.81 0.82 0.826 0.836 0.836 0.84 0.84 0.842 0.834 0.832 0.844 0.84 0.834 0.838 0.842 0.844 0.84 0.848 0.842 0.844 0.83 0.828 0.846 0.842 0.842 0.84 0.848 0.842 0.84 0.848 
====================grad_scale
0 0.136 0.072 0.072 0.072 0.072 0.072 0.136 0.136 0.072 0.072 0.136 0.072 0.136 0.072 0.136 0.104 0.194 0.198 0.206 0.308 0.38 0.44 0.51 0.524 0.524 0.538 0.552 0.584 0.594 0.59 0.616 0.642 0.672 0.664 0.654 0.662 0.688 0.694 0.7 0.72 0.698 0.724 0.732 0.718 0.742 0.726 0.738 0.738 0.75 0.752 0.746 0.758 0.752 0.758 0.754 0.746 0.766 0.758 0.76 0.772 0.76 0.766 0.758 0.76 0.788 0.78 0.754 0.782 0.788 0.768 0.76 0.772 0.764 0.766 0.774 0.776 0.768 0.766 0.764 0.762 0.784 0.778 0.786 0.78 0.774 0.806 0.794 0.802 0.786 0.758 0.762 0.772 0.786 0.782 0.786 0.792 0.808 0.798 0.804 0.792 0.806 0.81 0.804 0.804 0.806 0.806 0.802 0.802 0.802 0.812 0.824 0.82 0.808 0.812 0.808 0.816 0.824 0.81 0.81 0.818 
====================grad_scale
0 0.104 0.09 0.104 0.104 0.104 0.104 0.104 0.104 0.084 0.104 0.084 0.104 0.104 0.104 0.104 0.18 0.192 0.186 0.206 0.334 0.36 0.422 0.468 0.51 0.554 0.544 0.59 0.574 0.632 0.658 0.66 0.692 0.71 0.714 0.718 0.73 0.716 0.728 0.732 0.748 0.736 0.75 0.746 0.766 0.75 0.756 0.756 0.764 0.78 0.772 0.766 0.776 0.78 0.786 0.776 0.77 0.786 0.784 0.778 0.794 0.794 0.79 0.798 0.796 0.802 0.794 0.788 0.788 0.804 0.798 0.8 0.79 0.802 0.79 0.806 0.8 0.798 0.79 0.806 0.794 0.814 0.802 0.804 0.81 0.81 0.822 0.822 0.82 0.812 0.8 0.802 0.804 0.82 0.818 0.82 0.824 0.832 0.816 0.816 0.812 0.816 0.828 0.82 0.824 0.834 0.824 0.824 0.82 0.818 0.834 0.828 0.832 0.822 0.826 0.832 0.828 0.844 0.832 0.83 0.838 
====================grad_scale
0 0.124 0.102 0.102 0.122 0.124 0.102 0.124 0.106 0.082 0.122 0.122 0.102 0.122 0.124 0.122 0.258 0.286 0.266 0.322 0.364 0.434 0.47 0.52 0.532 0.546 0.582 0.618 0.64 0.638 0.674 0.676 0.734 0.706 0.708 0.734 0.74 0.75 0.754 0.752 0.766 0.762 0.77 0.77 0.772 0.772 0.782 0.784 0.782 0.786 0.786 0.788 0.782 0.786 0.804 0.79 0.8 0.802 0.8 0.798 0.81 0.81 0.804 0.816 0.808 0.822 0.818 0.808 0.808 0.814 0.822 0.82 0.81 0.82 0.822 0.814 0.816 0.816 0.828 0.82 0.828 0.822 0.82 0.828 0.828 0.838 0.836 0.842 0.828 0.828 0.832 0.83 0.822 0.824 0.84 0.844 0.842 0.836 0.838 0.838 0.838 0.846 0.844 0.856 0.844 0.836 0.85 0.86 0.852 0.87 0.842 0.834 0.848 0.85 0.854 0.852 0.852 0.848 0.858 0.858 0.86 
====================grad_scale
0 0.098 0.098 0.098 0.098 0.098 0.098 0.098 0.098 0.098 0.098 0.098 0.098 0.098 0.098 0.098 0.098 0.098 0.286 0.306 0.272 0.292 0.366 0.532 0.544 0.562 0.556 0.598 0.6 0.612 0.62 0.672 0.642 0.704 0.718 0.718 0.73 0.718 0.748 0.75 0.75 0.748 0.766 0.778 0.786 0.782 0.8 0.796 0.814 0.816 0.816 0.8 0.816 0.808 0.826 0.826 0.818 0.822 0.826 0.816 0.826 0.832 0.834 0.822 0.84 0.842 0.828 0.82 0.822 0.816 0.85 0.84 0.828 0.834 0.844 0.828 0.82 0.84 0.824 0.84 0.842 0.846 0.84 0.84 0.844 0.848 0.838 0.83 0.84 0.826 0.83 0.82 0.828 0.84 0.844 0.842 0.844 0.848 0.838 0.846 0.832 0.85 0.85 0.846 0.854 0.85 0.858 0.848 0.846 0.844 0.856 0.852 0.826 0.852 0.842 0.852 0.844 0.848 0.844 0.852 0.854 
====================grad_scale
0 0.096 0.096 0.096 0.096 0.096 0.096 0.096 0.096 0.096 0.096 0.096 0.096 0.096 0.096 0.096 0.096 0.108 0.22 0.3 0.384 0.36 0.5 0.508 0.514 0.55 0.534 0.59 0.634 0.638 0.668 0.65 0.682 0.73 0.718 0.72 0.724 0.738 0.728 0.742 0.74 0.75 0.756 0.756 0.76 0.764 0.76 0.762 0.76 0.77 0.772 0.79 0.786 0.776 0.794 0.784 0.784 0.786 0.792 0.786 0.79 0.79 0.794 0.788 0.794 0.796 0.798 0.792 0.808 0.804 0.798 0.798 0.806 0.806 0.812 0.822 0.814 0.806 0.798 0.814 0.804 0.808 0.804 0.808 0.816 0.804 0.812 0.792 0.804 0.816 0.796 0.802 0.818 0.814 0.814 0.81 0.822 0.822 0.81 0.808 0.812 0.816 0.814 0.808 0.814 0.812 0.812 0.808 0.814 0.804 0.81 0.818 0.816 0.818 0.824 0.826 0.828 0.828 0.826 0.816 0.828 
====================grad_scale
0 0.08 0.094 0.128 0.08 0.08 0.08 0.08 0.08 0.08 0.094 0.08 0.08 0.08 0.08 0.08 0.142 0.222 0.224 0.292 0.352 0.38 0.404 0.486 0.502 0.512 0.552 0.574 0.596 0.6 0.612 0.62 0.664 0.678 0.662 0.688 0.684 0.702 0.716 0.718 0.718 0.712 0.72 0.74 0.732 0.738 0.752 0.754 0.754 0.752 0.752 0.752 0.758 0.762 0.768 0.756 0.76 0.77 0.76 0.77 0.77 0.768 0.768 0.772 0.772 0.776 0.78 0.77 0.788 0.78 0.78 0.788 0.782 0.788 0.792 0.784 0.786 0.794 0.798 0.798 0.79 0.804 0.806 0.8 0.8 0.804 0.81 0.806 0.814 0.804 0.81 0.812 0.808 0.808 0.81 0.81 0.816 0.828 0.812 0.826 0.828 0.822 0.818 0.816 0.824 0.824 0.826 0.82 0.828 0.82 0.826 0.82 0.818 0.822 0.826 0.824 0.82 0.828 0.826 0.83 0.83 
====================grad_scale
0 0.092 0.092 0.092 0.092 0.084 0.084 0.108 0.092 0.108 0.084 0.106 0.108 0.084 0.084 0.108 0.18 0.206 0.23 0.284 0.33 0.408 0.532 0.544 0.544 0.55 0.584 0.59 0.632 0.65 0.674 0.682 0.68 0.73 0.726 0.74 0.74 0.748 0.754 0.754 0.75 0.754 0.76 0.774 0.752 0.77 0.768 0.776 0.776 0.774 0.778 0.768 0.78 0.774 0.786 0.78 0.774 0.78 0.792 0.778 0.788 0.788 0.8 0.794 0.796 0.79 0.788 0.79 0.786 0.798 0.804 0.802 0.798 0.804 0.808 0.808 0.818 0.808 0.802 0.816 0.804 0.804 0.81 0.806 0.816 0.81 0.81 0.796 0.804 0.812 0.8 0.802 0.816 0.83 0.818 0.806 0.816 0.828 0.814 0.808 0.816 0.82 0.812 0.804 0.818 0.818 0.82 0.81 0.812 0.82 0.824 0.816 0.812 0.818 0.832 0.832 0.816 0.82 0.812 0.832 0.83 
====================grad_scale
0 0.084 0.084 0.084 0.096 0.108 0.094 0.084 0.108 0.118 0.108 0.118 0.118 0.094 0.118 0.174 0.182 0.166 0.238 0.332 0.31 0.452 0.494 0.514 0.554 0.578 0.582 0.604 0.624 0.636 0.652 0.658 0.686 0.714 0.708 0.738 0.736 0.746 0.742 0.758 0.744 0.742 0.75 0.756 0.76 0.752 0.762 0.762 0.774 0.766 0.776 0.774 0.78 0.788 0.786 0.778 0.78 0.786 0.778 0.788 0.796 0.792 0.796 0.8 0.796 0.798 0.804 0.796 0.81 0.81 0.808 0.818 0.812 0.812 0.81 0.814 0.814 0.812 0.814 0.82 0.828 0.822 0.822 0.824 0.828 0.83 0.83 0.82 0.826 0.828 0.826 0.816 0.822 0.822 0.836 0.836 0.838 0.838 0.828 0.834 0.83 0.832 0.848 0.836 0.84 0.844 0.844 0.85 0.842 0.838 0.846 0.836 0.83 0.842 0.844 0.842 0.848 0.844 0.848 0.85 0.848 
====================grad_scale
0 0.096 0.096 0.096 0.096 0.114 0.096 0.096 0.096 0.1 0.114 0.1 0.1 0.108 0.026 0.1 0.096 0.194 0.268 0.296 0.306 0.408 0.492 0.526 0.538 0.542 0.54 0.542 0.594 0.602 0.648 0.66 0.662 0.696 0.692 0.708 0.716 0.722 0.72 0.728 0.72 0.724 0.736 0.728 0.738 0.724 0.732 0.734 0.742 0.744 0.752 0.746 0.756 0.756 0.752 0.762 0.752 0.756 0.76 0.75 0.772 0.752 0.768 0.758 0.756 0.792 0.766 0.762 0.776 0.78 0.77 0.77 0.778 0.774 0.77 0.78 0.774 0.766 0.766 0.774 0.77 0.778 0.784 0.78 0.788 0.786 0.786 0.804 0.776 0.774 0.778 0.772 0.77 0.778 0.786 0.802 0.806 0.808 0.784 0.776 0.772 0.786 0.79 0.808 0.786 0.798 0.798 0.806 0.794 0.8 0.814 0.83 0.824 0.8 0.782 0.792 0.81 0.834 0.808 0.786 0.792 
====================label_inverse
0 0.108 0.1 0.08 0.08 0.08 0.08 0.116 0.08 0.116 0.08 0.08 0.09 0.09 0.09 0.106 0.188 0.236 0.26 0.33 0.35 0.484 0.466 0.512 0.528 0.55 0.57 0.624 0.662 0.646 0.684 0.676 0.704 0.71 0.72 0.732 0.752 0.756 0.748 0.77 0.764 0.75 0.776 0.772 0.752 0.772 0.774 0.77 0.784 0.79 0.792 0.784 0.776 0.786 0.78 0.784 0.788 0.796 0.792 0.806 0.796 0.784 0.808 0.81 0.796 0.796 0.8 0.8 0.806 0.804 0.808 0.808 0.802 0.804 0.806 0.812 0.81 0.808 0.802 0.802 0.806 0.802 0.814 0.81 0.816 0.814 0.806 0.806 0.816 0.808 0.82 0.832 0.82 0.84 0.824 0.822 0.836 0.824 0.826 0.832 0.826 0.832 0.83 0.832 0.84 0.842 0.85 0.836 0.832 0.836 0.826 0.842 0.856 0.834 0.844 0.83 0.84 0.844 0.844 0.848 0.848 
====================label_inverse
0 0.08 0.08 0.08 0.102 0.102 0.102 0.102 0.102 0.094 0.128 0.128 0.128 0.094 0.094 0.154 0.25 0.238 0.326 0.336 0.374 0.42 0.43 0.47 0.454 0.498 0.562 0.61 0.608 0.622 0.644 0.634 0.652 0.634 0.67 0.704 0.698 0.694 0.69 0.714 0.722 0.706 0.712 0.732 0.724 0.756 0.748 0.748 0.75 0.748 0.764 0.75 0.776 0.772 0.772 0.778 0.786 0.786 0.792 0.786 0.808 0.79 0.8 0.802 0.792 0.79 0.792 0.8 0.792 0.8 0.802 0.804 0.806 0.802 0.798 0.794 0.806 0.806 0.802 0.804 0.802 0.806 0.812 0.806 0.806 0.81 0.806 0.808 0.814 0.802 0.806 0.804 0.81 0.812 0.82 0.816 0.82 0.828 0.818 0.82 0.828 0.814 0.808 0.826 0.814 0.82 0.82 0.824 0.824 0.83 0.822 0.828 0.818 0.83 0.826 0.834 0.834 0.836 0.83 0.826 0.838 
====================label_inverse
0 0.072 0.136 0.136 0.136 0.136 0.136 0.136 0.136 0.136 0.136 0.136 0.072 0.072 0.074 0.116 0.176 0.228 0.312 0.308 0.362 0.42 0.406 0.426 0.47 0.51 0.58 0.634 0.652 0.656 0.658 0.656 0.658 0.656 0.7 0.734 0.752 0.732 0.722 0.768 0.758 0.746 0.76 0.772 0.762 0.782 0.792 0.784 0.778 0.788 0.788 0.788 0.786 0.788 0.794 0.792 0.782 0.798 0.8 0.8 0.796 0.79 0.808 0.806 0.802 0.806 0.806 0.81 0.816 0.812 0.814 0.816 0.81 0.802 0.818 0.812 0.812 0.814 0.812 0.81 0.808 0.816 0.816 0.814 0.816 0.824 0.828 0.826 0.822 0.828 0.824 0.822 0.826 0.828 0.832 0.83 0.832 0.84 0.838 0.828 0.834 0.838 0.832 0.832 0.832 0.846 0.842 0.838 0.844 0.838 0.844 0.834 0.838 0.838 0.844 0.842 0.85 0.848 0.854 0.846 0.856 
====================label_inverse
0 0.092 0.092 0.116 0.102 0.11 0.102 0.092 0.092 0.092 0.098 0.098 0.146 0.092 0.102 0.16 0.218 0.268 0.324 0.374 0.422 0.476 0.482 0.492 0.5 0.54 0.624 0.628 0.664 0.66 0.692 0.698 0.708 0.702 0.74 0.748 0.758 0.758 0.756 0.762 0.782 0.776 0.784 0.8 0.786 0.798 0.806 0.794 0.8 0.788 0.816 0.804 0.804 0.806 0.812 0.826 0.818 0.834 0.822 0.822 0.82 0.826 0.824 0.822 0.826 0.822 0.822 0.824 0.838 0.832 0.826 0.83 0.842 0.824 0.832 0.836 0.836 0.832 0.83 0.84 0.83 0.82 0.832 0.83 0.83 0.828 0.83 0.838 0.836 0.836 0.838 0.83 0.83 0.844 0.832 0.834 0.848 0.844 0.844 0.844 0.846 0.838 0.85 0.85 0.84 0.834 0.84 0.844 0.836 0.85 0.856 0.848 0.85 0.848 0.852 0.84 0.834 0.838 0.846 0.86 0.842 
====================label_inverse
0 0.122 0.088 0.082 0.082 0.106 0.106 0.122 0.122 0.106 0.088 0.082 0.082 0.122 0.122 0.176 0.232 0.292 0.312 0.36 0.396 0.422 0.438 0.46 0.47 0.548 0.546 0.626 0.668 0.648 0.676 0.68 0.708 0.714 0.726 0.74 0.75 0.748 0.74 0.768 0.772 0.764 0.768 0.776 0.756 0.77 0.782 0.768 0.794 0.78 0.792 0.778 0.784 0.792 0.782 0.804 0.812 0.82 0.824 0.824 0.824 0.824 0.832 0.826 0.818 0.828 0.814 0.824 0.832 0.818 0.832 0.842 0.826 0.822 0.832 0.832 0.844 0.834 0.836 0.83 0.838 0.832 0.838 0.836 0.834 0.836 0.84 0.834 0.846 0.842 0.838 0.838 0.844 0.84 0.846 0.85 0.85 0.848 0.856 0.848 0.844 0.85 0.848 0.844 0.848 0.852 0.848 0.852 0.864 0.856 0.858 0.85 0.856 0.858 0.854 0.852 0.856 0.858 0.864 0.85 0.874 
====================label_inverse
0 0.104 0.094 0.092 0.092 0.092 0.104 0.104 0.092 0.092 0.092 0.092 0.092 0.092 0.104 0.104 0.22 0.298 0.342 0.368 0.44 0.442 0.462 0.468 0.47 0.538 0.582 0.604 0.624 0.658 0.688 0.694 0.702 0.718 0.722 0.732 0.744 0.74 0.734 0.752 0.744 0.718 0.756 0.746 0.744 0.762 0.764 0.77 0.776 0.772 0.786 0.772 0.778 0.774 0.788 0.782 0.784 0.782 0.79 0.788 0.782 0.784 0.8 0.8 0.812 0.808 0.82 0.816 0.802 0.806 0.812 0.81 0.816 0.798 0.806 0.804 0.804 0.812 0.802 0.802 0.814 0.82 0.81 0.812 0.808 0.81 0.808 0.814 0.816 0.828 0.822 0.832 0.804 0.824 0.84 0.816 0.814 0.818 0.8 0.828 0.828 0.826 0.834 0.824 0.824 0.834 0.818 0.826 0.818 0.826 0.844 0.824 0.822 0.83 0.828 0.788 0.808 0.818 0.832 0.832 0.828 
====================label_inverse
0 0.116 0.088 0.088 0.088 0.088 0.088 0.088 0.088 0.088 0.088 0.088 0.11 0.088 0.088 0.088 0.2 0.224 0.326 0.382 0.422 0.432 0.436 0.454 0.44 0.466 0.522 0.662 0.672 0.686 0.704 0.716 0.728 0.718 0.746 0.716 0.726 0.74 0.716 0.734 0.726 0.678 0.742 0.718 0.674 0.756 0.744 0.776 0.778 0.776 0.772 0.776 0.754 0.76 0.764 0.79 0.78 0.786 0.782 0.796 0.784 0.778 0.79 0.794 0.812 0.796 0.8 0.796 0.794 0.794 0.806 0.814 0.802 0.802 0.796 0.8 0.82 0.814 0.802 0.796 0.816 0.82 0.818 0.814 0.826 0.82 0.824 0.832 0.834 0.814 0.81 0.824 0.8 0.822 0.828 0.826 0.81 0.812 0.792 0.822 0.82 0.814 0.836 0.828 0.818 0.824 0.818 0.828 0.814 0.832 0.836 0.814 0.82 0.824 0.826 0.808 0.822 0.81 0.834 0.834 0.828 
====================label_inverse
0 0.12 0.12 0.12 0.12 0.12 0.12 0.12 0.12 0.12 0.12 0.12 0.12 0.12 0.12 0.12 0.194 0.196 0.196 0.298 0.37 0.418 0.428 0.43 0.466 0.602 0.618 0.656 0.656 0.668 0.7 0.698 0.712 0.714 0.718 0.744 0.748 0.744 0.738 0.744 0.762 0.736 0.746 0.766 0.756 0.768 0.776 0.776 0.786 0.772 0.79 0.786 0.786 0.786 0.79 0.796 0.798 0.804 0.8 0.802 0.8 0.796 0.804 0.804 0.812 0.81 0.808 0.81 0.804 0.806 0.796 0.796 0.818 0.804 0.804 0.816 0.814 0.824 0.81 0.816 0.81 0.816 0.808 0.81 0.814 0.818 0.81 0.798 0.814 0.82 0.824 0.816 0.838 0.822 0.824 0.828 0.83 0.83 0.832 0.824 0.826 0.832 0.828 0.834 0.832 0.84 0.84 0.836 0.844 0.83 0.844 0.838 0.848 0.84 0.84 0.842 0.84 0.838 0.838 0.844 0.848 
====================label_inverse
0 0.088 0.088 0.088 0.088 0.088 0.088 0.088 0.088 0.088 0.088 0.088 0.088 0.088 0.088 0.104 0.19 0.256 0.316 0.338 0.334 0.392 0.378 0.432 0.438 0.466 0.52 0.602 0.636 0.642 0.68 0.672 0.682 0.662 0.694 0.708 0.7 0.708 0.712 0.73 0.732 0.73 0.72 0.75 0.742 0.752 0.75 0.742 0.752 0.758 0.766 0.778 0.77 0.77 0.758 0.788 0.778 0.78 0.782 0.784 0.772 0.782 0.776 0.792 0.788 0.79 0.806 0.806 0.796 0.802 0.794 0.796 0.81 0.808 0.808 0.8 0.808 0.792 0.802 0.81 0.806 0.796 0.796 0.812 0.822 0.8 0.79 0.806 0.822 0.826 0.832 0.836 0.806 0.83 0.826 0.816 0.838 0.798 0.806 0.818 0.828 0.822 0.822 0.83 0.826 0.828 0.832 0.83 0.816 0.836 0.83 0.848 0.836 0.832 0.828 0.814 0.826 0.822 0.838 0.83 0.828 
====================label_inverse
0 0.092 0.108 0.108 0.092 0.092 0.108 0.108 0.108 0.092 0.092 0.092 0.092 0.092 0.092 0.098 0.196 0.232 0.304 0.348 0.404 0.406 0.432 0.458 0.426 0.476 0.462 0.588 0.586 0.636 0.652 0.668 0.686 0.676 0.704 0.73 0.724 0.718 0.736 0.732 0.744 0.746 0.742 0.742 0.734 0.758 0.748 0.752 0.744 0.738 0.752 0.742 0.758 0.764 0.76 0.782 0.772 0.78 0.788 0.776 0.788 0.768 0.776 0.802 0.792 0.8 0.79 0.798 0.798 0.802 0.796 0.798 0.804 0.788 0.81 0.81 0.806 0.802 0.826 0.802 0.822 0.804 0.796 0.812 0.814 0.816 0.806 0.802 0.82 0.82 0.828 0.82 0.832 0.832 0.824 0.822 0.832 0.826 0.836 0.836 0.83 0.818 0.818 0.83 0.828 0.824 0.828 0.836 0.826 0.826 0.826 0.824 0.832 0.836 0.842 0.828 0.824 0.828 0.834 0.824 0.842 
====================label_inverse
0 0.09 0.084 0.104 0.094 0.094 0.094 0.094 0.094 0.094 0.094 0.094 0.094 0.094 0.094 0.094 0.094 0.094 0.094 0.094 0.094 0.094 0.094 0.104 0.104 0.104 0.094 0.094 0.094 0.098 0.156 0.164 0.17 0.182 0.334 0.378 0.368 0.41 0.482 0.426 0.494 0.492 0.494 0.548 0.558 0.592 0.61 0.672 0.686 0.712 0.712 0.72 0.726 0.718 0.736 0.73 0.75 0.754 0.736 0.766 0.75 0.756 0.76 0.768 0.772 0.776 0.764 0.758 0.772 0.762 0.774 0.762 0.782 0.77 0.774 0.778 0.774 0.76 0.766 0.776 0.786 0.778 0.784 0.78 0.798 0.78 0.79 0.79 0.798 0.8 0.772 0.802 0.81 0.81 0.798 0.812 0.814 0.802 0.81 0.792 0.792 0.804 0.812 0.806 0.81 0.824 0.818 0.83 0.83 0.832 0.82 0.83 0.822 0.84 0.83 0.808 0.836 0.82 0.824 0.838 0.834 
====================label_inverse
0 0.108 0.094 0.108 0.094 0.094 0.094 0.094 0.094 0.094 0.094 0.094 0.094 0.094 0.094 0.094 0.096 0.096 0.096 0.094 0.094 0.094 0.094 0.094 0.094 0.118 0.094 0.094 0.096 0.192 0.132 0.216 0.202 0.28 0.318 0.338 0.358 0.364 0.422 0.41 0.448 0.462 0.478 0.464 0.58 0.532 0.636 0.662 0.688 0.688 0.7 0.732 0.716 0.734 0.722 0.728 0.712 0.734 0.748 0.748 0.752 0.76 0.764 0.754 0.774 0.762 0.782 0.742 0.754 0.778 0.772 0.768 0.778 0.778 0.788 0.798 0.796 0.814 0.798 0.804 0.79 0.8 0.816 0.812 0.806 0.818 0.81 0.804 0.806 0.814 0.82 0.814 0.814 0.81 0.82 0.812 0.81 0.826 0.824 0.832 0.834 0.834 0.834 0.824 0.838 0.83 0.83 0.818 0.83 0.846 0.836 0.842 0.834 0.832 0.842 0.834 0.842 0.836 0.844 0.844 0.84 
====================label_inverse
0 0.092 0.104 0.092 0.116 0.116 0.102 0.102 0.102 0.102 0.092 0.092 0.102 0.102 0.116 0.116 0.092 0.092 0.092 0.102 0.102 0.102 0.106 0.092 0.092 0.116 0.116 0.116 0.092 0.1 0.094 0.198 0.21 0.218 0.282 0.318 0.36 0.404 0.41 0.374 0.438 0.41 0.434 0.458 0.488 0.596 0.614 0.622 0.69 0.73 0.698 0.742 0.718 0.74 0.724 0.75 0.73 0.746 0.718 0.752 0.742 0.748 0.764 0.752 0.764 0.748 0.754 0.746 0.76 0.77 0.776 0.764 0.782 0.784 0.784 0.786 0.77 0.786 0.784 0.77 0.768 0.784 0.786 0.802 0.788 0.788 0.788 0.784 0.794 0.782 0.798 0.788 0.756 0.78 0.802 0.794 0.788 0.798 0.77 0.792 0.808 0.81 0.802 0.79 0.786 0.798 0.8 0.776 0.792 0.792 0.806 0.782 0.808 0.786 0.76 0.83 0.794 0.77 0.798 0.804 0.796 
====================label_inverse
0 0.1 0.1 0.1 0.1 0.11 0.11 0.11 0.1 0.11 0.1 0.1 0.116 0.116 0.116 0.116 0.11 0.1 0.1 0.11 0.11 0.11 0.11 0.11 0.11 0.116 0.11 0.11 0.204 0.094 0.174 0.208 0.208 0.246 0.326 0.36 0.38 0.398 0.406 0.406 0.44 0.426 0.462 0.47 0.57 0.612 0.636 0.636 0.73 0.73 0.71 0.732 0.718 0.724 0.726 0.716 0.74 0.76 0.738 0.77 0.75 0.75 0.77 0.744 0.766 0.78 0.774 0.706 0.734 0.76 0.75 0.756 0.742 0.736 0.748 0.732 0.694 0.694 0.69 0.702 0.706 0.706 0.768 0.754 0.766 0.754 0.73 0.74 0.752 0.698 0.69 0.724 0.716 0.762 0.754 0.744 0.756 0.756 0.706 0.738 0.752 0.758 0.756 0.746 0.7 0.748 0.74 0.74 0.758 0.736 0.744 0.73 0.756 0.706 0.72 0.76 0.706 0.668 0.728 0.706 0.748 
====================label_inverse
0 0.082 0.082 0.088 0.088 0.088 0.088 0.088 0.088 0.088 0.088 0.088 0.088 0.088 0.088 0.088 0.124 0.088 0.088 0.088 0.088 0.088 0.088 0.088 0.088 0.088 0.088 0.088 0.088 0.088 0.104 0.172 0.176 0.254 0.28 0.33 0.386 0.428 0.412 0.398 0.442 0.45 0.45 0.46 0.566 0.584 0.612 0.636 0.642 0.698 0.69 0.722 0.712 0.706 0.716 0.728 0.732 0.74 0.696 0.758 0.722 0.724 0.752 0.708 0.754 0.772 0.746 0.712 0.708 0.748 0.772 0.762 0.784 0.782 0.782 0.772 0.758 0.718 0.748 0.696 0.754 0.8 0.782 0.762 0.762 0.778 0.766 0.768 0.772 0.788 0.79 0.804 0.762 0.76 0.796 0.778 0.764 0.818 0.768 0.794 0.772 0.77 0.802 0.78 0.762 0.798 0.814 0.792 0.79 0.774 0.794 0.762 0.796 0.772 0.776 0.82 0.774 0.758 0.772 0.792 0.796 
====================label_inverse
0 0.108 0.08 0.08 0.09 0.108 0.108 0.108 0.108 0.108 0.108 0.108 0.108 0.108 0.108 0.108 0.108 0.108 0.108 0.09 0.09 0.09 0.108 0.108 0.108 0.108 0.108 0.108 0.108 0.1 0.1 0.188 0.204 0.196 0.314 0.3 0.38 0.426 0.414 0.404 0.436 0.422 0.44 0.434 0.562 0.568 0.596 0.632 0.642 0.696 0.69 0.724 0.712 0.752 0.72 0.732 0.726 0.75 0.764 0.778 0.774 0.778 0.79 0.754 0.796 0.784 0.788 0.782 0.782 0.792 0.798 0.784 0.798 0.798 0.802 0.806 0.796 0.808 0.806 0.802 0.802 0.808 0.814 0.826 0.81 0.814 0.824 0.82 0.828 0.822 0.802 0.826 0.84 0.826 0.834 0.828 0.832 0.83 0.838 0.84 0.838 0.85 0.844 0.846 0.842 0.848 0.844 0.848 0.848 0.854 0.852 0.854 0.86 0.854 0.86 0.852 0.864 0.858 0.866 0.868 0.866 
====================label_inverse
0 0.096 0.094 0.094 0.096 0.096 0.096 0.096 0.096 0.096 0.096 0.096 0.096 0.096 0.096 0.096 0.096 0.096 0.096 0.096 0.096 0.096 0.096 0.096 0.096 0.096 0.096 0.096 0.096 0.096 0.096 0.198 0.216 0.254 0.304 0.338 0.382 0.396 0.406 0.416 0.422 0.442 0.434 0.526 0.554 0.57 0.584 0.676 0.672 0.692 0.704 0.698 0.716 0.712 0.724 0.732 0.738 0.744 0.728 0.756 0.73 0.742 0.76 0.74 0.75 0.764 0.744 0.742 0.746 0.75 0.756 0.744 0.766 0.76 0.756 0.762 0.754 0.754 0.758 0.75 0.77 0.77 0.772 0.776 0.77 0.764 0.772 0.776 0.78 0.78 0.78 0.796 0.766 0.778 0.788 0.79 0.782 0.798 0.788 0.778 0.792 0.804 0.798 0.792 0.778 0.788 0.81 0.788 0.81 0.796 0.814 0.792 0.822 0.798 0.804 0.832 0.796 0.78 0.8 0.806 0.824 
====================label_inverse
0 0.106 0.106 0.106 0.102 0.102 0.102 0.102 0.102 0.102 0.102 0.102 0.102 0.102 0.102 0.104 0.104 0.104 0.104 0.104 0.104 0.072 0.104 0.104 0.102 0.102 0.106 0.106 0.102 0.102 0.22 0.188 0.192 0.206 0.298 0.39 0.428 0.444 0.44 0.4 0.476 0.47 0.54 0.506 0.582 0.644 0.646 0.662 0.74 0.766 0.762 0.76 0.76 0.766 0.768 0.776 0.78 0.78 0.786 0.776 0.796 0.806 0.806 0.808 0.804 0.788 0.808 0.804 0.808 0.808 0.824 0.82 0.824 0.812 0.828 0.814 0.81 0.814 0.806 0.818 0.818 0.822 0.826 0.824 0.826 0.83 0.822 0.822 0.83 0.832 0.822 0.832 0.83 0.828 0.84 0.838 0.838 0.842 0.832 0.84 0.832 0.838 0.842 0.848 0.848 0.848 0.846 0.846 0.85 0.846 0.85 0.85 0.854 0.844 0.848 0.858 0.846 0.852 0.862 0.86 0.854 
====================label_inverse
0 0.096 0.096 0.1 0.1 0.096 0.096 0.106 0.106 0.106 0.106 0.106 0.106 0.106 0.106 0.106 0.106 0.096 0.096 0.096 0.096 0.106 0.096 0.096 0.096 0.096 0.096 0.096 0.19 0.188 0.19 0.202 0.19 0.264 0.28 0.346 0.37 0.352 0.402 0.418 0.438 0.502 0.498 0.478 0.548 0.562 0.578 0.604 0.652 0.674 0.69 0.664 0.684 0.66 0.662 0.68 0.68 0.68 0.664 0.692 0.674 0.678 0.696 0.662 0.704 0.708 0.704 0.648 0.65 0.712 0.706 0.696 0.73 0.732 0.73 0.726 0.702 0.702 0.73 0.704 0.706 0.754 0.732 0.706 0.704 0.736 0.718 0.742 0.706 0.746 0.774 0.768 0.716 0.71 0.736 0.732 0.71 0.778 0.744 0.744 0.748 0.744 0.744 0.722 0.73 0.758 0.788 0.756 0.756 0.774 0.774 0.768 0.78 0.774 0.754 0.79 0.776 0.736 0.756 0.766 0.792 
====================label_inverse
0 0.1 0.1 0.094 0.1 0.1 0.1 0.1 0.114 0.104 0.114 0.094 0.104 0.104 0.1 0.1 0.1 0.1 0.104 0.104 0.104 0.114 0.1 0.1 0.1 0.1 0.1 0.1 0.1 0.094 0.094 0.226 0.196 0.258 0.312 0.342 0.358 0.432 0.394 0.404 0.408 0.44 0.414 0.538 0.584 0.588 0.618 0.674 0.68 0.694 0.712 0.708 0.722 0.708 0.728 0.732 0.756 0.74 0.728 0.744 0.75 0.758 0.766 0.754 0.77 0.77 0.76 0.768 0.776 0.772 0.782 0.774 0.788 0.768 0.778 0.792 0.798 0.792 0.776 0.794 0.794 0.782 0.794 0.8 0.796 0.78 0.8 0.796 0.792 0.808 0.8 0.8 0.804 0.814 0.802 0.806 0.814 0.794 0.814 0.812 0.816 0.82 0.814 0.824 0.828 0.82 0.816 0.826 0.83 0.83 0.836 0.842 0.832 0.836 0.846 0.812 0.848 0.842 0.856 0.854 0.838 
====================label_inverse
0 0.104 0.104 0.104 0.104 0.104 0.104 0.104 0.104 0.104 0.104 0.104 0.104 0.08 0.104 0.104 0.08 0.104 0.104 0.104 0.104 0.104 0.104 0.104 0.188 0.216 0.196 0.228 0.276 0.34 0.268 0.326 0.348 0.464 0.474 0.556 0.566 0.574 0.606 0.626 0.626 0.638 0.676 0.656 0.646 0.706 0.7 0.708 0.71 0.722 0.72 0.732 0.74 0.76 0.748 0.754 0.748 0.748 0.766 0.768 0.774 0.766 0.772 0.766 0.788 0.786 0.782 0.768 0.778 0.788 0.794 0.784 0.78 0.78 0.79 0.784 0.792 0.786 0.792 0.782 0.788 0.788 0.798 0.794 0.796 0.79 0.784 0.79 0.778 0.796 0.788 0.788 0.776 0.79 0.802 0.81 0.792 0.79 0.806 0.816 0.812 0.794 0.808 0.806 0.804 0.804 0.796 0.81 0.816 0.81 0.812 0.802 0.806 0.818 0.818 0.812 0.804 0.818 0.822 0.816 0.822 
====================label_inverse
0 0.088 0.094 0.128 0.128 0.128 0.128 0.128 0.128 0.128 0.128 0.096 0.128 0.128 0.128 0.128 0.08 0.096 0.128 0.128 0.128 0.128 0.128 0.096 0.226 0.25 0.248 0.232 0.29 0.278 0.322 0.326 0.312 0.408 0.474 0.486 0.538 0.554 0.576 0.584 0.572 0.566 0.6 0.57 0.636 0.606 0.598 0.64 0.666 0.64 0.67 0.668 0.696 0.672 0.672 0.66 0.686 0.706 0.688 0.684 0.692 0.722 0.752 0.746 0.756 0.756 0.766 0.772 0.756 0.754 0.764 0.772 0.776 0.77 0.76 0.764 0.752 0.758 0.782 0.782 0.778 0.776 0.77 0.772 0.778 0.782 0.764 0.774 0.782 0.774 0.778 0.78 0.76 0.768 0.77 0.788 0.788 0.788 0.792 0.782 0.79 0.798 0.796 0.802 0.812 0.81 0.806 0.804 0.81 0.82 0.802 0.798 0.816 0.812 0.81 0.814 0.82 0.83 0.83 0.808 0.808 
====================label_inverse
0 0.108 0.118 0.118 0.108 0.106 0.106 0.106 0.118 0.118 0.118 0.118 0.118 0.084 0.094 0.094 0.084 0.092 0.118 0.118 0.094 0.108 0.086 0.096 0.168 0.174 0.174 0.252 0.29 0.308 0.3 0.37 0.382 0.446 0.47 0.436 0.568 0.574 0.544 0.596 0.622 0.624 0.614 0.634 0.612 0.658 0.674 0.704 0.714 0.702 0.742 0.73 0.748 0.742 0.744 0.724 0.72 0.76 0.768 0.756 0.752 0.768 0.772 0.782 0.784 0.774 0.794 0.772 0.788 0.792 0.78 0.786 0.784 0.776 0.79 0.796 0.796 0.79 0.796 0.774 0.79 0.798 0.804 0.792 0.796 0.796 0.798 0.798 0.792 0.798 0.792 0.79 0.798 0.81 0.798 0.804 0.804 0.81 0.808 0.814 0.808 0.82 0.808 0.81 0.82 0.818 0.818 0.812 0.82 0.818 0.82 0.802 0.818 0.83 0.82 0.82 0.804 0.83 0.824 0.836 0.832 
====================label_inverse
0 0.08 0.09 0.094 0.094 0.09 0.108 0.108 0.108 0.09 0.108 0.108 0.108 0.108 0.108 0.09 0.09 0.09 0.108 0.108 0.108 0.108 0.108 0.106 0.112 0.238 0.22 0.252 0.304 0.314 0.312 0.328 0.344 0.468 0.444 0.492 0.524 0.538 0.578 0.584 0.586 0.634 0.6 0.644 0.632 0.668 0.674 0.714 0.716 0.726 0.732 0.734 0.742 0.748 0.742 0.74 0.746 0.754 0.752 0.758 0.76 0.764 0.782 0.772 0.774 0.774 0.774 0.792 0.78 0.778 0.782 0.784 0.8 0.788 0.778 0.788 0.792 0.79 0.798 0.802 0.798 0.802 0.8 0.81 0.814 0.81 0.802 0.798 0.818 0.808 0.822 0.812 0.806 0.808 0.814 0.818 0.818 0.81 0.818 0.824 0.82 0.822 0.82 0.832 0.828 0.83 0.832 0.828 0.838 0.828 0.828 0.824 0.834 0.832 0.828 0.83 0.826 0.846 0.842 0.846 0.832 
====================label_inverse
0 0.106 0.088 0.1 0.088 0.088 0.1 0.1 0.1 0.114 0.1 0.1 0.1 0.1 0.1 0.1 0.114 0.114 0.1 0.1 0.1 0.1 0.1 0.088 0.088 0.19 0.2 0.212 0.248 0.278 0.29 0.346 0.344 0.424 0.502 0.48 0.534 0.546 0.576 0.594 0.582 0.604 0.636 0.624 0.634 0.658 0.664 0.69 0.704 0.696 0.702 0.7 0.71 0.72 0.716 0.718 0.716 0.728 0.724 0.718 0.724 0.732 0.74 0.734 0.754 0.758 0.744 0.734 0.748 0.752 0.76 0.762 0.752 0.764 0.77 0.77 0.778 0.778 0.792 0.776 0.78 0.78 0.794 0.782 0.78 0.8 0.796 0.802 0.79 0.8 0.796 0.808 0.79 0.78 0.788 0.814 0.814 0.814 0.818 0.812 0.812 0.82 0.832 0.824 0.82 0.814 0.834 0.842 0.828 0.82 0.84 0.834 0.818 0.832 0.834 0.84 0.824 0.838 0.832 0.838 0.844 
====================label_inverse
0 0.106 0.106 0.116 0.106 0.106 0.1 0.1 0.1 0.1 0.1 0.1 0.106 0.106 0.106 0.106 0.106 0.106 0.1 0.1 0.1 0.1 0.1 0.21 0.088 0.172 0.174 0.198 0.214 0.25 0.302 0.34 0.338 0.424 0.478 0.44 0.566 0.558 0.588 0.598 0.612 0.62 0.626 0.682 0.65 0.684 0.674 0.694 0.71 0.716 0.72 0.736 0.74 0.73 0.726 0.736 0.722 0.764 0.762 0.746 0.742 0.77 0.772 0.774 0.782 0.782 0.8 0.78 0.792 0.794 0.8 0.808 0.81 0.802 0.794 0.796 0.79 0.808 0.82 0.812 0.816 0.808 0.812 0.816 0.82 0.822 0.828 0.82 0.824 0.838 0.816 0.832 0.83 0.83 0.842 0.834 0.838 0.838 0.838 0.836 0.838 0.838 0.83 0.842 0.842 0.846 0.848 0.844 0.846 0.846 0.856 0.854 0.848 0.852 0.854 0.852 0.85 0.852 0.86 0.854 0.854 
====================label_inverse
0 0.106 0.088 0.106 0.088 0.092 0.122 0.122 0.102 0.124 0.122 0.122 0.122 0.122 0.122 0.122 0.122 0.122 0.122 0.122 0.118 0.122 0.102 0.1 0.25 0.202 0.208 0.252 0.268 0.296 0.334 0.356 0.412 0.45 0.47 0.534 0.538 0.57 0.592 0.622 0.618 0.63 0.628 0.684 0.664 0.7 0.718 0.726 0.728 0.718 0.744 0.736 0.762 0.754 0.758 0.748 0.752 0.762 0.784 0.76 0.776 0.786 0.798 0.792 0.816 0.806 0.802 0.79 0.804 0.806 0.81 0.802 0.806 0.808 0.818 0.816 0.812 0.81 0.814 0.816 0.814 0.812 0.816 0.816 0.826 0.82 0.808 0.826 0.824 0.82 0.806 0.814 0.802 0.826 0.812 0.83 0.83 0.832 0.834 0.832 0.828 0.836 0.838 0.834 0.83 0.826 0.838 0.846 0.838 0.84 0.844 0.85 0.83 0.842 0.842 0.83 0.834 0.834 0.842 0.848 0.842 
====================label_inverse
0 0.116 0.116 0.106 0.106 0.116 0.116 0.116 0.116 0.116 0.116 0.116 0.116 0.108 0.116 0.116 0.116 0.116 0.108 0.102 0.102 0.108 0.108 0.142 0.17 0.202 0.216 0.224 0.258 0.33 0.276 0.314 0.346 0.394 0.468 0.488 0.512 0.544 0.56 0.592 0.594 0.604 0.628 0.626 0.634 0.682 0.684 0.72 0.72 0.72 0.738 0.728 0.736 0.742 0.736 0.746 0.744 0.744 0.748 0.748 0.756 0.756 0.764 0.768 0.77 0.764 0.77 0.774 0.772 0.764 0.774 0.774 0.776 0.774 0.774 0.776 0.778 0.772 0.778 0.782 0.786 0.774 0.774 0.772 0.776 0.796 0.788 0.782 0.782 0.79 0.778 0.786 0.794 0.778 0.796 0.784 0.8 0.784 0.792 0.79 0.79 0.788 0.782 0.794 0.802 0.804 0.8 0.802 0.794 0.802 0.796 0.788 0.806 0.806 0.794 0.796 0.806 0.806 0.812 0.8 0.804 
====================label_inverse
0 0.136 0.114 0.114 0.088 0.136 0.136 0.136 0.104 0.104 0.104 0.136 0.136 0.136 0.088 0.088 0.136 0.088 0.088 0.136 0.094 0.094 0.062 0.12 0.114 0.126 0.234 0.228 0.25 0.28 0.266 0.282 0.306 0.394 0.404 0.468 0.538 0.59 0.596 0.594 0.61 0.614 0.64 0.618 0.656 0.668 0.67 0.688 0.714 0.684 0.708 0.718 0.74 0.722 0.718 0.72 0.734 0.744 0.738 0.744 0.754 0.758 0.778 0.764 0.784 0.782 0.776 0.784 0.784 0.774 0.786 0.78 0.784 0.776 0.784 0.786 0.796 0.79 0.79 0.79 0.794 0.788 0.798 0.802 0.804 0.81 0.794 0.79 0.796 0.8 0.804 0.8 0.796 0.806 0.806 0.81 0.798 0.804 0.808 0.814 0.812 0.812 0.822 0.826 0.824 0.82 0.822 0.826 0.82 0.83 0.824 0.81 0.828 0.826 0.816 0.826 0.826 0.826 0.82 0.834 0.82 
====================label_inverse
0 0.11 0.11 0.102 0.104 0.104 0.102 0.102 0.102 0.102 0.102 0.102 0.102 0.102 0.102 0.11 0.102 0.102 0.102 0.102 0.102 0.102 0.102 0.144 0.176 0.218 0.22 0.19 0.208 0.296 0.282 0.332 0.42 0.474 0.512 0.588 0.588 0.62 0.636 0.67 0.67 0.666 0.702 0.684 0.686 0.728 0.726 0.756 0.764 0.754 0.75 0.754 0.76 0.754 0.736 0.752 0.738 0.774 0.77 0.782 0.768 0.778 0.784 0.788 0.796 0.802 0.796 0.796 0.798 0.798 0.804 0.808 0.812 0.816 0.798 0.79 0.8 0.792 0.82 0.83 0.836 0.826 0.822 0.834 0.824 0.828 0.81 0.816 0.826 0.832 0.82 0.806 0.802 0.81 0.82 0.82 0.836 0.836 0.828 0.82 0.834 0.844 0.84 0.846 0.836 0.84 0.838 0.84 0.842 0.834 0.844 0.834 0.84 0.844 0.848 0.842 0.836 0.842 0.85 0.846 0.842 
====================