nomal
0 0.08 0.08 0.116 0.116 0.116 0.116 0.116 0.116 0.116 0.104 0.116 0.116 0.116 0.116 0.108 0.15 0.186 0.202 0.226 0.234 0.356 0.35 0.432 0.41 0.496 0.5 0.518 0.52 0.566 0.562 0.564 0.6 0.61 0.65 0.67 0.696 0.668 0.714 0.712 0.704 0.718 0.714 0.734 0.722 0.734 0.726 0.734 0.736 0.728 0.728 0.738 0.736 0.738 0.738 0.742 0.748 0.756 0.746 0.76 0.76 0.76 0.75 0.76 0.766 0.758 0.762 0.782 0.788 0.772 0.772 0.774 0.78 0.786 0.782 0.77 0.768 0.774 0.782 0.774 0.786 0.776 0.784 0.782 0.778 0.79 0.772 0.778 0.79 0.782 0.792 0.786 0.788 0.796 0.788 0.78 0.798 0.79 0.802 0.8 0.796 0.804 0.802 0.796 0.804 0.808 0.804 0.81 0.812 0.818 0.812 0.804 0.824 0.82 0.806 0.818 0.836 0.824 0.824 0.832 0.832 
====================nomal
0 0.12 0.08 0.08 0.094 0.094 0.094 0.08 0.08 0.106 0.118 0.118 0.08 0.08 0.108 0.14 0.128 0.184 0.22 0.248 0.232 0.366 0.402 0.498 0.516 0.532 0.576 0.57 0.596 0.578 0.61 0.628 0.636 0.666 0.662 0.686 0.706 0.71 0.7 0.712 0.708 0.714 0.724 0.722 0.724 0.716 0.724 0.73 0.714 0.734 0.73 0.728 0.736 0.732 0.728 0.744 0.744 0.76 0.736 0.762 0.748 0.75 0.75 0.766 0.756 0.768 0.75 0.756 0.76 0.776 0.764 0.776 0.78 0.764 0.768 0.776 0.77 0.776 0.782 0.78 0.784 0.772 0.772 0.792 0.776 0.784 0.802 0.78 0.8 0.798 0.796 0.808 0.804 0.792 0.806 0.81 0.802 0.812 0.816 0.81 0.796 0.8 0.804 0.802 0.81 0.798 0.798 0.814 0.81 0.814 0.818 0.806 0.822 0.804 0.81 0.822 0.82 0.812 0.822 0.816 0.82 
====================nomal
0 0.106 0.106 0.106 0.106 0.1 0.106 0.106 0.106 0.106 0.106 0.106 0.106 0.106 0.02 0.124 0.132 0.252 0.274 0.264 0.276 0.368 0.386 0.426 0.476 0.504 0.536 0.526 0.54 0.544 0.576 0.59 0.606 0.632 0.624 0.652 0.66 0.672 0.694 0.664 0.63 0.682 0.65 0.682 0.698 0.7 0.676 0.704 0.712 0.702 0.68 0.702 0.686 0.692 0.72 0.734 0.72 0.732 0.724 0.71 0.706 0.714 0.724 0.72 0.746 0.734 0.73 0.728 0.73 0.704 0.744 0.744 0.758 0.764 0.77 0.722 0.746 0.77 0.762 0.756 0.774 0.784 0.776 0.77 0.766 0.792 0.774 0.762 0.756 0.798 0.806 0.78 0.79 0.788 0.808 0.794 0.822 0.808 0.796 0.806 0.802 0.826 0.784 0.794 0.814 0.82 0.822 0.806 0.838 0.818 0.82 0.81 0.832 0.818 0.84 0.842 0.832 0.832 0.814 0.828 0.81 
====================nomal
0 0.072 0.11 0.102 0.102 0.072 0.072 0.102 0.102 0.102 0.102 0.102 0.102 0.102 0.102 0.112 0.152 0.142 0.262 0.278 0.242 0.338 0.39 0.402 0.408 0.458 0.42 0.474 0.44 0.486 0.458 0.464 0.524 0.55 0.566 0.644 0.642 0.65 0.686 0.674 0.644 0.728 0.65 0.726 0.682 0.7 0.696 0.73 0.72 0.692 0.706 0.716 0.686 0.734 0.698 0.712 0.74 0.722 0.748 0.726 0.728 0.7 0.716 0.728 0.74 0.748 0.734 0.742 0.762 0.724 0.774 0.752 0.766 0.752 0.752 0.75 0.76 0.764 0.77 0.754 0.79 0.762 0.782 0.764 0.748 0.786 0.752 0.784 0.77 0.772 0.798 0.782 0.796 0.804 0.792 0.774 0.826 0.786 0.806 0.814 0.804 0.832 0.818 0.812 0.812 0.802 0.804 0.8 0.822 0.814 0.794 0.804 0.822 0.808 0.818 0.82 0.826 0.83 0.818 0.822 0.818 
====================nomal
0 0.088 0.088 0.094 0.094 0.072 0.094 0.094 0.094 0.094 0.094 0.094 0.094 0.088 0.096 0.102 0.112 0.24 0.196 0.28 0.32 0.404 0.398 0.448 0.466 0.52 0.506 0.538 0.542 0.54 0.572 0.574 0.59 0.616 0.63 0.662 0.64 0.674 0.656 0.67 0.676 0.704 0.676 0.69 0.698 0.678 0.722 0.698 0.698 0.702 0.692 0.696 0.684 0.704 0.7 0.704 0.69 0.736 0.706 0.728 0.716 0.704 0.69 0.724 0.696 0.75 0.708 0.714 0.726 0.738 0.722 0.736 0.736 0.744 0.746 0.712 0.73 0.758 0.738 0.744 0.758 0.754 0.77 0.762 0.768 0.76 0.754 0.738 0.758 0.774 0.772 0.762 0.76 0.784 0.78 0.77 0.774 0.784 0.792 0.776 0.792 0.788 0.782 0.776 0.788 0.808 0.818 0.794 0.796 0.822 0.81 0.806 0.812 0.828 0.824 0.818 0.812 0.808 0.822 0.82 0.824 
====================nomal
0 0.102 0.122 0.092 0.102 0.102 0.106 0.106 0.124 0.102 0.106 0.106 0.106 0.106 0.122 0.122 0.192 0.22 0.264 0.254 0.268 0.346 0.39 0.45 0.45 0.472 0.538 0.542 0.55 0.556 0.572 0.596 0.6 0.664 0.64 0.694 0.688 0.726 0.72 0.688 0.702 0.722 0.718 0.73 0.744 0.716 0.744 0.746 0.742 0.748 0.738 0.75 0.75 0.746 0.752 0.75 0.75 0.752 0.754 0.756 0.756 0.752 0.75 0.766 0.76 0.774 0.75 0.768 0.76 0.79 0.744 0.78 0.77 0.778 0.782 0.758 0.762 0.786 0.78 0.784 0.788 0.78 0.784 0.8 0.79 0.792 0.798 0.772 0.798 0.8 0.796 0.792 0.8 0.812 0.816 0.798 0.79 0.82 0.808 0.81 0.804 0.81 0.82 0.806 0.836 0.834 0.81 0.816 0.818 0.82 0.826 0.826 0.822 0.832 0.834 0.834 0.83 0.828 0.832 0.83 0.828 
====================nomal
0 0.108 0.108 0.108 0.108 0.096 0.086 0.086 0.108 0.108 0.108 0.086 0.108 0.108 0.172 0.122 0.168 0.234 0.206 0.246 0.29 0.376 0.316 0.334 0.462 0.484 0.516 0.534 0.546 0.51 0.564 0.586 0.61 0.622 0.654 0.654 0.67 0.668 0.672 0.664 0.658 0.698 0.654 0.728 0.696 0.72 0.696 0.73 0.714 0.7 0.714 0.704 0.704 0.712 0.704 0.724 0.74 0.74 0.754 0.726 0.728 0.71 0.722 0.738 0.748 0.74 0.742 0.744 0.77 0.744 0.764 0.752 0.78 0.756 0.774 0.76 0.788 0.77 0.784 0.768 0.788 0.786 0.796 0.776 0.794 0.792 0.8 0.794 0.792 0.778 0.82 0.802 0.812 0.802 0.808 0.8 0.82 0.814 0.818 0.816 0.808 0.818 0.826 0.812 0.81 0.808 0.812 0.8 0.816 0.824 0.806 0.802 0.824 0.814 0.81 0.818 0.832 0.832 0.826 0.828 0.836 
====================nomal
0 0.088 0.106 0.106 0.088 0.088 0.096 0.096 0.096 0.088 0.088 0.096 0.084 0.088 0.084 0.088 0.116 0.24 0.234 0.26 0.262 0.414 0.384 0.406 0.422 0.47 0.512 0.486 0.52 0.522 0.554 0.562 0.588 0.616 0.612 0.68 0.648 0.676 0.682 0.676 0.684 0.71 0.68 0.7 0.706 0.716 0.72 0.712 0.718 0.714 0.708 0.726 0.728 0.72 0.73 0.728 0.74 0.744 0.738 0.75 0.738 0.734 0.732 0.75 0.75 0.752 0.754 0.736 0.736 0.754 0.752 0.748 0.752 0.758 0.768 0.76 0.752 0.77 0.77 0.776 0.768 0.768 0.76 0.77 0.768 0.77 0.786 0.764 0.774 0.782 0.774 0.792 0.79 0.776 0.78 0.802 0.786 0.792 0.8 0.794 0.786 0.784 0.804 0.79 0.814 0.802 0.8 0.812 0.812 0.808 0.8 0.808 0.81 0.806 0.814 0.824 0.814 0.798 0.814 0.81 0.824 
====================nomal
0 0.096 0.094 0.106 0.094 0.094 0.088 0.096 0.096 0.106 0.106 0.106 0.106 0.106 0.12 0.114 0.14 0.234 0.232 0.254 0.252 0.408 0.396 0.42 0.412 0.446 0.484 0.488 0.464 0.528 0.52 0.556 0.584 0.592 0.624 0.624 0.642 0.67 0.65 0.67 0.676 0.684 0.676 0.696 0.688 0.69 0.7 0.71 0.706 0.718 0.704 0.712 0.716 0.718 0.712 0.72 0.732 0.716 0.724 0.722 0.73 0.722 0.728 0.738 0.732 0.73 0.732 0.736 0.74 0.722 0.738 0.742 0.74 0.746 0.74 0.744 0.738 0.744 0.75 0.748 0.744 0.748 0.74 0.754 0.74 0.748 0.744 0.748 0.752 0.76 0.75 0.764 0.756 0.77 0.77 0.764 0.778 0.772 0.772 0.77 0.762 0.772 0.774 0.772 0.782 0.774 0.776 0.78 0.776 0.78 0.788 0.8 0.786 0.778 0.792 0.788 0.786 0.776 0.804 0.792 0.78 
====================nomal
0 0.102 0.102 0.102 0.104 0.104 0.104 0.104 0.104 0.104 0.104 0.104 0.104 0.104 0.122 0.124 0.154 0.2 0.236 0.27 0.262 0.384 0.396 0.456 0.516 0.52 0.524 0.528 0.544 0.554 0.558 0.578 0.596 0.634 0.646 0.69 0.686 0.716 0.712 0.714 0.706 0.736 0.722 0.73 0.74 0.724 0.736 0.73 0.74 0.73 0.72 0.73 0.744 0.74 0.728 0.742 0.736 0.75 0.742 0.748 0.746 0.752 0.742 0.756 0.754 0.764 0.754 0.752 0.756 0.762 0.766 0.762 0.778 0.772 0.778 0.77 0.772 0.78 0.786 0.786 0.78 0.782 0.792 0.788 0.772 0.792 0.79 0.796 0.79 0.796 0.788 0.792 0.79 0.8 0.798 0.8 0.794 0.796 0.798 0.8 0.8 0.806 0.804 0.79 0.798 0.806 0.804 0.808 0.804 0.806 0.814 0.818 0.816 0.808 0.82 0.816 0.812 0.804 0.826 0.814 0.814 
====================gaussian
0 0.116 0.116 0.098 0.102 0.102 0.116 0.116 0.116 0.116 0.116 0.116 0.116 0.116 0.116 0.116 0.116 0.116 0.116 0.116 0.088 0.1 0.11 0.106 0.222 0.218 0.232 0.27 0.262 0.322 0.29 0.302 0.362 0.362 0.378 0.39 0.432 0.47 0.526 0.582 0.568 0.59 0.64 0.636 0.646 0.674 0.68 0.686 0.702 0.654 0.698 0.69 0.702 0.698 0.694 0.698 0.706 0.716 0.698 0.706 0.722 0.72 0.714 0.754 0.71 0.766 0.72 0.732 0.78 0.718 0.758 0.732 0.782 0.768 0.778 0.764 0.79 0.782 0.788 0.774 0.758 0.786 0.804 0.78 0.776 0.782 0.798 0.802 0.774 0.812 0.788 0.802 0.796 0.806 0.792 0.802 0.8 0.8 0.812 0.806 0.794 0.81 0.796 0.816 0.814 0.81 0.81 0.826 0.828 0.812 0.832 0.804 0.812 0.824 0.816 0.83 0.82 0.814 0.836 0.826 0.818 
====================gaussian
0 0.09 0.096 0.1 0.09 0.096 0.096 0.094 0.09 0.09 0.09 0.09 0.09 0.09 0.09 0.09 0.09 0.09 0.09 0.136 0.094 0.1 0.094 0.098 0.166 0.282 0.276 0.296 0.318 0.336 0.348 0.424 0.464 0.476 0.532 0.558 0.58 0.552 0.608 0.652 0.61 0.652 0.67 0.672 0.698 0.704 0.734 0.732 0.758 0.728 0.736 0.724 0.748 0.758 0.746 0.756 0.764 0.758 0.77 0.766 0.778 0.764 0.764 0.782 0.776 0.776 0.776 0.772 0.766 0.77 0.772 0.776 0.772 0.788 0.786 0.786 0.776 0.78 0.788 0.8 0.788 0.788 0.784 0.794 0.802 0.802 0.796 0.804 0.8 0.8 0.808 0.814 0.804 0.82 0.806 0.812 0.814 0.814 0.818 0.812 0.814 0.822 0.818 0.808 0.818 0.826 0.822 0.822 0.84 0.832 0.822 0.822 0.822 0.83 0.826 0.836 0.828 0.826 0.836 0.84 0.836 
====================gaussian
0 0.108 0.092 0.106 0.102 0.102 0.106 0.106 0.106 0.116 0.116 0.116 0.116 0.116 0.116 0.116 0.116 0.116 0.116 0.198 0.102 0.102 0.094 0.144 0.184 0.214 0.218 0.29 0.326 0.338 0.348 0.386 0.428 0.448 0.522 0.53 0.55 0.53 0.55 0.59 0.562 0.634 0.632 0.662 0.684 0.672 0.702 0.72 0.728 0.698 0.718 0.696 0.732 0.736 0.744 0.73 0.746 0.748 0.748 0.752 0.758 0.76 0.754 0.764 0.752 0.758 0.764 0.762 0.74 0.742 0.754 0.764 0.772 0.768 0.772 0.76 0.77 0.766 0.77 0.76 0.758 0.772 0.774 0.778 0.768 0.77 0.788 0.776 0.786 0.788 0.782 0.768 0.786 0.79 0.792 0.788 0.786 0.794 0.794 0.786 0.786 0.79 0.792 0.8 0.802 0.802 0.814 0.81 0.806 0.812 0.818 0.81 0.796 0.822 0.822 0.814 0.828 0.824 0.836 0.814 0.816 
====================gaussian
0 0.082 0.106 0.106 0.082 0.09 0.09 0.088 0.092 0.092 0.092 0.082 0.082 0.082 0.082 0.132 0.106 0.106 0.106 0.106 0.106 0.082 0.082 0.108 0.198 0.182 0.188 0.18 0.324 0.302 0.34 0.422 0.462 0.442 0.462 0.514 0.518 0.534 0.558 0.568 0.556 0.658 0.644 0.68 0.694 0.704 0.712 0.75 0.74 0.728 0.734 0.712 0.74 0.75 0.75 0.76 0.758 0.762 0.77 0.782 0.778 0.776 0.782 0.782 0.778 0.776 0.786 0.788 0.78 0.794 0.79 0.796 0.79 0.8 0.806 0.814 0.8 0.81 0.792 0.816 0.832 0.812 0.8 0.818 0.818 0.832 0.816 0.834 0.836 0.81 0.826 0.83 0.812 0.826 0.834 0.814 0.824 0.834 0.834 0.844 0.842 0.826 0.842 0.814 0.834 0.85 0.84 0.84 0.838 0.848 0.854 0.85 0.844 0.848 0.84 0.832 0.846 0.852 0.84 0.82 0.836 
====================gaussian
0 0.108 0.086 0.108 0.108 0.108 0.108 0.108 0.094 0.094 0.108 0.108 0.176 0.108 0.108 0.086 0.086 0.086 0.086 0.092 0.092 0.118 0.108 0.112 0.242 0.264 0.24 0.33 0.334 0.368 0.368 0.41 0.466 0.486 0.512 0.516 0.536 0.536 0.538 0.552 0.55 0.6 0.602 0.624 0.67 0.634 0.692 0.704 0.7 0.712 0.734 0.72 0.732 0.744 0.744 0.752 0.748 0.762 0.748 0.744 0.754 0.746 0.748 0.754 0.762 0.762 0.76 0.76 0.77 0.754 0.77 0.74 0.778 0.772 0.768 0.768 0.766 0.77 0.776 0.768 0.762 0.774 0.774 0.778 0.762 0.78 0.784 0.778 0.792 0.786 0.788 0.778 0.794 0.784 0.788 0.788 0.792 0.792 0.79 0.786 0.802 0.79 0.786 0.792 0.78 0.814 0.796 0.806 0.8 0.808 0.81 0.798 0.804 0.814 0.8 0.796 0.796 0.81 0.808 0.816 0.806 
====================gaussian
0 0.094 0.094 0.094 0.072 0.094 0.094 0.094 0.094 0.072 0.072 0.072 0.072 0.072 0.072 0.072 0.072 0.072 0.072 0.07 0.1 0.126 0.094 0.194 0.21 0.2 0.212 0.21 0.362 0.308 0.36 0.374 0.39 0.394 0.412 0.492 0.528 0.528 0.58 0.564 0.562 0.626 0.574 0.64 0.614 0.632 0.624 0.63 0.664 0.592 0.594 0.604 0.658 0.686 0.67 0.668 0.674 0.58 0.634 0.672 0.622 0.7 0.698 0.682 0.7 0.704 0.696 0.674 0.696 0.68 0.696 0.698 0.726 0.714 0.714 0.712 0.746 0.736 0.75 0.732 0.706 0.736 0.738 0.708 0.684 0.71 0.704 0.72 0.72 0.696 0.726 0.756 0.768 0.768 0.742 0.786 0.77 0.726 0.726 0.732 0.752 0.786 0.778 0.792 0.784 0.758 0.758 0.772 0.792 0.77 0.744 0.754 0.744 0.766 0.798 0.784 0.742 0.77 0.776 0.77 0.81 
====================gaussian
0 0.088 0.088 0.088 0.088 0.088 0.088 0.088 0.088 0.088 0.088 0.106 0.106 0.106 0.106 0.1 0.1 0.088 0.088 0.088 0.088 0.07 0.152 0.154 0.174 0.174 0.192 0.19 0.25 0.31 0.324 0.388 0.396 0.394 0.446 0.512 0.522 0.522 0.548 0.582 0.568 0.594 0.598 0.632 0.628 0.648 0.66 0.656 0.66 0.65 0.68 0.666 0.674 0.682 0.688 0.662 0.696 0.668 0.68 0.698 0.688 0.698 0.72 0.706 0.712 0.722 0.698 0.698 0.71 0.698 0.702 0.698 0.71 0.72 0.728 0.712 0.73 0.726 0.734 0.738 0.704 0.726 0.748 0.714 0.734 0.724 0.73 0.734 0.722 0.744 0.716 0.75 0.746 0.77 0.736 0.752 0.746 0.74 0.748 0.732 0.752 0.778 0.77 0.768 0.778 0.762 0.754 0.766 0.776 0.768 0.766 0.774 0.776 0.784 0.79 0.814 0.79 0.776 0.798 0.812 0.81 
====================gaussian
0 0.08 0.08 0.08 0.084 0.09 0.104 0.104 0.08 0.08 0.08 0.104 0.104 0.104 0.08 0.08 0.08 0.08 0.08 0.08 0.132 0.084 0.084 0.084 0.212 0.194 0.202 0.238 0.29 0.28 0.376 0.424 0.444 0.422 0.422 0.478 0.49 0.484 0.562 0.59 0.612 0.604 0.642 0.664 0.682 0.68 0.716 0.724 0.726 0.722 0.74 0.722 0.724 0.734 0.742 0.728 0.75 0.748 0.748 0.752 0.756 0.75 0.76 0.754 0.75 0.754 0.762 0.756 0.754 0.752 0.756 0.768 0.762 0.77 0.772 0.77 0.772 0.762 0.764 0.786 0.776 0.768 0.758 0.776 0.778 0.774 0.762 0.792 0.79 0.772 0.786 0.786 0.798 0.78 0.802 0.778 0.778 0.78 0.788 0.8 0.808 0.78 0.796 0.788 0.798 0.808 0.808 0.806 0.802 0.808 0.8 0.822 0.826 0.814 0.804 0.81 0.822 0.83 0.806 0.806 0.828 
====================gaussian
0 0.108 0.116 0.108 0.108 0.108 0.108 0.108 0.108 0.108 0.116 0.1 0.1 0.1 0.1 0.1 0.1 0.1 0.1 0.1 0.1 0.1 0.1 0.1 0.21 0.246 0.226 0.304 0.376 0.372 0.394 0.426 0.436 0.442 0.496 0.518 0.568 0.538 0.558 0.58 0.57 0.616 0.612 0.644 0.67 0.668 0.696 0.708 0.718 0.714 0.722 0.7 0.722 0.726 0.748 0.708 0.74 0.74 0.744 0.746 0.754 0.752 0.748 0.744 0.764 0.756 0.76 0.75 0.746 0.772 0.73 0.762 0.76 0.768 0.754 0.764 0.764 0.78 0.792 0.776 0.756 0.77 0.804 0.762 0.756 0.758 0.778 0.766 0.772 0.788 0.78 0.786 0.798 0.792 0.774 0.804 0.786 0.78 0.77 0.776 0.786 0.802 0.794 0.804 0.798 0.79 0.784 0.796 0.802 0.8 0.786 0.802 0.796 0.8 0.808 0.814 0.812 0.804 0.806 0.814 0.824 
====================gaussian
0 0.114 0.094 0.094 0.128 0.096 0.096 0.128 0.128 0.128 0.128 0.128 0.102 0.102 0.102 0.128 0.128 0.128 0.128 0.128 0.128 0.172 0.096 0.098 0.222 0.212 0.244 0.27 0.292 0.378 0.372 0.398 0.398 0.406 0.45 0.454 0.47 0.46 0.568 0.592 0.576 0.598 0.646 0.64 0.684 0.66 0.694 0.702 0.704 0.694 0.714 0.71 0.708 0.724 0.714 0.714 0.732 0.73 0.724 0.726 0.732 0.732 0.73 0.744 0.726 0.736 0.74 0.748 0.744 0.738 0.738 0.744 0.748 0.748 0.758 0.76 0.754 0.75 0.766 0.762 0.744 0.76 0.76 0.78 0.756 0.752 0.766 0.778 0.768 0.77 0.782 0.776 0.774 0.78 0.792 0.78 0.784 0.778 0.786 0.778 0.79 0.782 0.804 0.798 0.798 0.8 0.806 0.822 0.798 0.79 0.802 0.812 0.8 0.818 0.802 0.812 0.82 0.818 0.818 0.818 0.822 
====================gaussian
0 0.104 0.12 0.12 0.104 0.112 0.112 0.112 0.112 0.112 0.112 0.112 0.112 0.12 0.12 0.102 0.172 0.158 0.086 0.16 0.206 0.176 0.18 0.2 0.192 0.302 0.308 0.342 0.38 0.468 0.448 0.564 0.6 0.626 0.634 0.646 0.64 0.67 0.68 0.692 0.706 0.684 0.708 0.702 0.718 0.718 0.72 0.704 0.732 0.726 0.734 0.754 0.74 0.75 0.756 0.74 0.76 0.762 0.764 0.756 0.762 0.756 0.764 0.752 0.758 0.766 0.774 0.77 0.768 0.774 0.778 0.768 0.778 0.774 0.77 0.77 0.772 0.782 0.788 0.772 0.792 0.782 0.794 0.778 0.784 0.788 0.806 0.8 0.788 0.804 0.798 0.798 0.782 0.776 0.784 0.794 0.79 0.792 0.792 0.796 0.784 0.8 0.79 0.8 0.802 0.796 0.808 0.81 0.802 0.81 0.802 0.804 0.808 0.802 0.81 0.802 0.81 0.808 0.814 0.81 0.8 
====================gaussian
0 0.072 0.072 0.072 0.072 0.072 0.072 0.072 0.072 0.072 0.072 0.072 0.072 0.072 0.072 0.072 0.072 0.104 0.164 0.19 0.208 0.22 0.232 0.26 0.286 0.322 0.306 0.366 0.364 0.38 0.384 0.418 0.42 0.464 0.498 0.532 0.592 0.562 0.582 0.602 0.596 0.586 0.628 0.604 0.628 0.618 0.66 0.614 0.642 0.65 0.656 0.67 0.654 0.67 0.692 0.66 0.652 0.668 0.686 0.698 0.668 0.678 0.698 0.718 0.698 0.708 0.698 0.706 0.714 0.684 0.71 0.704 0.672 0.692 0.706 0.728 0.716 0.708 0.708 0.712 0.714 0.706 0.73 0.742 0.732 0.716 0.718 0.748 0.746 0.734 0.72 0.74 0.72 0.736 0.704 0.738 0.748 0.736 0.746 0.742 0.762 0.746 0.768 0.766 0.768 0.76 0.732 0.75 0.748 0.778 0.758 0.784 0.752 0.758 0.756 0.778 0.752 0.77 0.786 0.794 0.78 
====================gaussian
0 0.096 0.106 0.106 0.106 0.106 0.106 0.106 0.106 0.106 0.106 0.096 0.096 0.106 0.106 0.106 0.106 0.106 0.106 0.196 0.196 0.226 0.238 0.258 0.284 0.294 0.28 0.328 0.348 0.408 0.392 0.542 0.51 0.548 0.604 0.582 0.552 0.596 0.6 0.636 0.666 0.644 0.678 0.662 0.674 0.68 0.688 0.674 0.682 0.67 0.688 0.696 0.678 0.702 0.698 0.716 0.71 0.722 0.714 0.706 0.736 0.736 0.732 0.694 0.732 0.74 0.74 0.742 0.728 0.76 0.738 0.744 0.762 0.754 0.732 0.746 0.764 0.76 0.756 0.754 0.778 0.764 0.78 0.738 0.774 0.754 0.774 0.752 0.782 0.79 0.782 0.77 0.784 0.802 0.78 0.778 0.782 0.794 0.776 0.75 0.77 0.772 0.79 0.762 0.79 0.778 0.8 0.812 0.768 0.79 0.792 0.784 0.798 0.808 0.78 0.786 0.804 0.806 0.774 0.784 0.814 
====================gaussian
0 0.104 0.09 0.09 0.1 0.108 0.108 0.108 0.108 0.108 0.108 0.1 0.1 0.1 0.108 0.1 0.1 0.1 0.272 0.216 0.216 0.236 0.252 0.264 0.28 0.318 0.3 0.316 0.33 0.354 0.39 0.446 0.47 0.596 0.616 0.6 0.608 0.632 0.618 0.64 0.664 0.674 0.666 0.68 0.682 0.684 0.688 0.694 0.704 0.7 0.692 0.708 0.698 0.698 0.718 0.724 0.732 0.728 0.726 0.726 0.748 0.752 0.76 0.726 0.75 0.748 0.76 0.764 0.76 0.782 0.766 0.774 0.788 0.772 0.774 0.758 0.786 0.77 0.774 0.786 0.774 0.786 0.774 0.772 0.796 0.782 0.78 0.778 0.794 0.794 0.792 0.796 0.786 0.798 0.774 0.796 0.8 0.8 0.788 0.772 0.782 0.79 0.79 0.788 0.802 0.79 0.804 0.804 0.786 0.802 0.802 0.792 0.804 0.804 0.8 0.796 0.808 0.816 0.798 0.81 0.82 
====================gaussian
0 0.106 0.08 0.106 0.106 0.08 0.08 0.08 0.096 0.106 0.106 0.106 0.08 0.106 0.106 0.106 0.106 0.106 0.106 0.13 0.164 0.2 0.2 0.206 0.178 0.266 0.276 0.314 0.374 0.38 0.402 0.398 0.44 0.498 0.524 0.59 0.592 0.604 0.614 0.62 0.656 0.614 0.654 0.658 0.676 0.668 0.672 0.654 0.686 0.692 0.682 0.694 0.69 0.706 0.71 0.674 0.676 0.7 0.71 0.704 0.708 0.702 0.688 0.716 0.702 0.734 0.728 0.73 0.732 0.73 0.72 0.712 0.7 0.704 0.738 0.736 0.736 0.732 0.732 0.724 0.746 0.736 0.75 0.752 0.764 0.744 0.746 0.758 0.76 0.75 0.734 0.738 0.732 0.726 0.726 0.766 0.746 0.754 0.766 0.762 0.772 0.75 0.782 0.768 0.776 0.754 0.758 0.766 0.76 0.77 0.76 0.776 0.756 0.772 0.764 0.784 0.772 0.77 0.78 0.786 0.778 
====================gaussian
0 0.1 0.1 0.1 0.1 0.094 0.11 0.094 0.094 0.094 0.09 0.096 0.094 0.094 0.096 0.096 0.094 0.094 0.096 0.096 0.252 0.206 0.224 0.246 0.244 0.314 0.266 0.384 0.376 0.378 0.412 0.414 0.416 0.496 0.568 0.604 0.628 0.632 0.658 0.686 0.674 0.678 0.676 0.69 0.682 0.68 0.692 0.698 0.71 0.714 0.712 0.722 0.722 0.734 0.74 0.734 0.752 0.748 0.75 0.758 0.76 0.764 0.732 0.742 0.754 0.73 0.758 0.762 0.75 0.726 0.74 0.742 0.746 0.752 0.742 0.764 0.77 0.78 0.762 0.756 0.744 0.778 0.778 0.794 0.796 0.786 0.776 0.8 0.794 0.796 0.798 0.796 0.782 0.774 0.774 0.81 0.786 0.782 0.798 0.798 0.796 0.8 0.808 0.814 0.82 0.804 0.788 0.812 0.796 0.818 0.808 0.798 0.814 0.8 0.816 0.8 0.824 0.814 0.812 0.828 0.806 
====================gaussian
0 0.108 0.108 0.108 0.108 0.108 0.108 0.092 0.092 0.096 0.096 0.092 0.096 0.096 0.116 0.13 0.108 0.152 0.158 0.194 0.204 0.216 0.214 0.232 0.274 0.332 0.32 0.344 0.348 0.402 0.424 0.492 0.476 0.586 0.594 0.588 0.616 0.618 0.64 0.654 0.652 0.664 0.65 0.66 0.676 0.66 0.662 0.68 0.668 0.666 0.674 0.678 0.678 0.676 0.692 0.71 0.72 0.71 0.712 0.716 0.714 0.724 0.714 0.718 0.724 0.724 0.726 0.734 0.73 0.724 0.742 0.746 0.748 0.75 0.732 0.736 0.74 0.752 0.746 0.75 0.724 0.74 0.746 0.738 0.75 0.762 0.744 0.74 0.752 0.76 0.754 0.778 0.756 0.752 0.742 0.768 0.774 0.746 0.772 0.752 0.75 0.786 0.764 0.776 0.772 0.78 0.776 0.756 0.77 0.772 0.78 0.75 0.794 0.766 0.79 0.762 0.798 0.802 0.788 0.796 0.782 
====================gaussian
0 0.082 0.082 0.082 0.082 0.082 0.082 0.082 0.082 0.082 0.082 0.082 0.09 0.09 0.082 0.082 0.082 0.082 0.09 0.102 0.31 0.242 0.214 0.268 0.238 0.276 0.294 0.286 0.322 0.426 0.338 0.536 0.544 0.548 0.578 0.618 0.638 0.636 0.664 0.672 0.692 0.664 0.694 0.712 0.71 0.706 0.716 0.714 0.728 0.732 0.74 0.746 0.742 0.742 0.748 0.748 0.75 0.76 0.768 0.762 0.77 0.772 0.77 0.75 0.77 0.762 0.774 0.77 0.768 0.778 0.782 0.778 0.78 0.766 0.778 0.776 0.786 0.782 0.782 0.786 0.78 0.782 0.782 0.78 0.782 0.78 0.792 0.792 0.792 0.794 0.792 0.784 0.776 0.784 0.798 0.8 0.79 0.786 0.812 0.766 0.806 0.78 0.808 0.796 0.81 0.796 0.806 0.818 0.792 0.812 0.798 0.816 0.796 0.824 0.808 0.824 0.822 0.826 0.816 0.818 0.834 
====================gaussian
0 0.104 0.092 0.092 0.104 0.104 0.104 0.104 0.104 0.104 0.104 0.084 0.084 0.084 0.084 0.104 0.162 0.166 0.112 0.168 0.222 0.222 0.24 0.3 0.296 0.338 0.332 0.38 0.398 0.406 0.406 0.536 0.526 0.59 0.62 0.624 0.608 0.644 0.638 0.634 0.654 0.648 0.652 0.636 0.678 0.704 0.692 0.68 0.7 0.676 0.718 0.706 0.686 0.722 0.696 0.698 0.69 0.706 0.708 0.698 0.692 0.728 0.69 0.654 0.692 0.684 0.7 0.704 0.698 0.688 0.692 0.668 0.676 0.696 0.676 0.696 0.73 0.71 0.708 0.694 0.686 0.734 0.716 0.744 0.758 0.71 0.724 0.77 0.726 0.732 0.738 0.742 0.72 0.698 0.734 0.732 0.722 0.728 0.774 0.754 0.756 0.724 0.764 0.754 0.768 0.738 0.714 0.766 0.748 0.788 0.764 0.758 0.754 0.75 0.77 0.756 0.77 0.758 0.762 0.782 0.746 
====================gaussian
0 0.104 0.106 0.072 0.072 0.104 0.104 0.104 0.07 0.104 0.104 0.104 0.102 0.1 0.104 0.104 0.116 0.116 0.184 0.184 0.234 0.206 0.22 0.244 0.248 0.22 0.278 0.284 0.294 0.376 0.358 0.456 0.538 0.604 0.582 0.672 0.678 0.67 0.704 0.698 0.712 0.704 0.706 0.716 0.728 0.728 0.736 0.712 0.754 0.718 0.748 0.772 0.736 0.764 0.754 0.75 0.734 0.748 0.768 0.772 0.746 0.76 0.762 0.76 0.78 0.782 0.782 0.788 0.796 0.782 0.8 0.79 0.792 0.798 0.77 0.808 0.796 0.814 0.81 0.782 0.802 0.812 0.818 0.794 0.804 0.8 0.816 0.808 0.798 0.812 0.81 0.794 0.828 0.798 0.8 0.814 0.804 0.816 0.82 0.814 0.82 0.806 0.832 0.826 0.834 0.824 0.826 0.828 0.814 0.834 0.824 0.834 0.808 0.822 0.838 0.828 0.824 0.832 0.83 0.828 0.83 
====================gaussian
0 0.108 0.118 0.086 0.094 0.092 0.092 0.092 0.092 0.092 0.094 0.094 0.118 0.118 0.18 0.108 0.202 0.21 0.202 0.304 0.27 0.35 0.4 0.502 0.526 0.512 0.546 0.582 0.564 0.57 0.572 0.598 0.614 0.624 0.656 0.664 0.684 0.686 0.694 0.702 0.702 0.702 0.698 0.708 0.708 0.714 0.738 0.746 0.746 0.748 0.724 0.744 0.76 0.744 0.756 0.756 0.758 0.748 0.758 0.744 0.768 0.746 0.764 0.748 0.756 0.764 0.748 0.762 0.766 0.768 0.764 0.774 0.768 0.766 0.76 0.762 0.746 0.756 0.76 0.778 0.772 0.766 0.778 0.772 0.776 0.772 0.766 0.758 0.772 0.784 0.796 0.794 0.794 0.8 0.79 0.778 0.804 0.782 0.772 0.786 0.786 0.78 0.79 0.788 0.778 0.79 0.798 0.816 0.802 0.808 0.792 0.812 0.816 0.812 0.808 0.808 0.824 0.822 0.826 0.826 0.82 
====================gaussian
0 0.088 0.082 0.124 0.124 0.102 0.102 0.082 0.082 0.124 0.088 0.088 0.088 0.088 0.088 0.168 0.146 0.228 0.224 0.322 0.326 0.334 0.476 0.428 0.536 0.544 0.548 0.596 0.562 0.62 0.612 0.636 0.616 0.628 0.68 0.668 0.674 0.702 0.694 0.718 0.698 0.726 0.71 0.71 0.742 0.724 0.728 0.74 0.728 0.712 0.73 0.712 0.68 0.728 0.726 0.728 0.722 0.716 0.724 0.742 0.716 0.762 0.772 0.756 0.764 0.752 0.764 0.75 0.768 0.76 0.774 0.746 0.75 0.774 0.784 0.792 0.782 0.794 0.792 0.764 0.758 0.796 0.776 0.776 0.788 0.778 0.782 0.796 0.78 0.782 0.788 0.752 0.794 0.778 0.786 0.782 0.788 0.806 0.812 0.804 0.794 0.776 0.812 0.794 0.798 0.81 0.784 0.79 0.786 0.794 0.814 0.794 0.808 0.808 0.798 0.816 0.794 0.812 0.806 0.82 0.818 
====================gaussian
0 0.116 0.116 0.098 0.072 0.072 0.072 0.116 0.092 0.092 0.116 0.116 0.116 0.098 0.098 0.058 0.122 0.224 0.19 0.234 0.34 0.288 0.392 0.406 0.486 0.56 0.58 0.576 0.602 0.582 0.62 0.648 0.676 0.652 0.704 0.694 0.686 0.722 0.706 0.708 0.712 0.732 0.71 0.71 0.728 0.716 0.752 0.732 0.738 0.728 0.75 0.724 0.684 0.722 0.778 0.744 0.748 0.696 0.732 0.782 0.726 0.778 0.79 0.78 0.792 0.776 0.79 0.786 0.776 0.794 0.806 0.77 0.776 0.776 0.8 0.788 0.814 0.81 0.81 0.782 0.784 0.794 0.788 0.778 0.818 0.762 0.814 0.76 0.812 0.808 0.788 0.778 0.772 0.81 0.786 0.8 0.772 0.788 0.794 0.802 0.796 0.808 0.778 0.786 0.792 0.812 0.764 0.726 0.75 0.794 0.794 0.798 0.812 0.802 0.778 0.756 0.77 0.766 0.778 0.758 0.752 
====================gaussian
0 0.1 0.09 0.09 0.108 0.09 0.102 0.108 0.09 0.09 0.09 0.09 0.09 0.108 0.108 0.108 0.246 0.184 0.226 0.268 0.27 0.352 0.412 0.472 0.446 0.53 0.504 0.56 0.544 0.598 0.576 0.608 0.566 0.658 0.614 0.626 0.678 0.624 0.704 0.7 0.688 0.722 0.7 0.712 0.73 0.742 0.726 0.738 0.734 0.728 0.716 0.71 0.728 0.734 0.758 0.772 0.736 0.736 0.744 0.772 0.762 0.764 0.786 0.744 0.788 0.778 0.776 0.764 0.786 0.77 0.784 0.766 0.77 0.768 0.782 0.788 0.758 0.786 0.782 0.772 0.776 0.776 0.786 0.774 0.784 0.786 0.76 0.77 0.792 0.786 0.78 0.776 0.782 0.778 0.784 0.782 0.776 0.802 0.808 0.798 0.782 0.76 0.81 0.806 0.782 0.8 0.786 0.762 0.768 0.776 0.822 0.794 0.794 0.794 0.782 0.772 0.794 0.796 0.798 0.784 0.778 
====================gaussian
0 0.096 0.096 0.096 0.1 0.1 0.1 0.106 0.114 0.088 0.088 0.088 0.088 0.066 0.088 0.092 0.194 0.196 0.226 0.258 0.294 0.36 0.422 0.46 0.518 0.522 0.55 0.524 0.544 0.58 0.578 0.608 0.644 0.626 0.682 0.682 0.676 0.686 0.704 0.7 0.704 0.696 0.71 0.7 0.698 0.726 0.704 0.726 0.712 0.728 0.74 0.726 0.72 0.724 0.724 0.734 0.736 0.738 0.736 0.736 0.748 0.744 0.756 0.742 0.764 0.766 0.756 0.756 0.754 0.766 0.752 0.784 0.762 0.774 0.756 0.77 0.738 0.77 0.766 0.774 0.786 0.78 0.792 0.776 0.764 0.778 0.774 0.758 0.774 0.75 0.786 0.776 0.792 0.794 0.79 0.794 0.806 0.79 0.79 0.788 0.78 0.774 0.79 0.77 0.776 0.788 0.796 0.788 0.79 0.792 0.796 0.802 0.81 0.8 0.812 0.79 0.798 0.814 0.818 0.812 0.804 
====================gaussian
0 0.084 0.084 0.108 0.108 0.084 0.106 0.108 0.102 0.092 0.084 0.084 0.108 0.108 0.108 0.188 0.222 0.232 0.214 0.276 0.312 0.34 0.378 0.456 0.41 0.464 0.468 0.466 0.576 0.578 0.584 0.608 0.654 0.65 0.674 0.652 0.674 0.704 0.676 0.684 0.69 0.694 0.698 0.698 0.712 0.702 0.738 0.726 0.734 0.726 0.732 0.758 0.736 0.728 0.762 0.734 0.748 0.748 0.764 0.766 0.748 0.756 0.744 0.762 0.758 0.754 0.764 0.754 0.764 0.77 0.746 0.752 0.78 0.766 0.752 0.758 0.76 0.758 0.764 0.782 0.78 0.764 0.776 0.78 0.764 0.776 0.78 0.768 0.778 0.766 0.772 0.782 0.774 0.794 0.778 0.794 0.782 0.786 0.784 0.784 0.79 0.792 0.77 0.782 0.798 0.784 0.782 0.778 0.764 0.812 0.798 0.788 0.802 0.79 0.798 0.792 0.804 0.81 0.802 0.806 0.79 
====================gaussian
0 0.114 0.114 0.114 0.114 0.094 0.08 0.114 0.094 0.094 0.094 0.096 0.094 0.094 0.094 0.094 0.178 0.198 0.206 0.256 0.248 0.284 0.416 0.402 0.42 0.518 0.502 0.514 0.562 0.53 0.57 0.576 0.582 0.624 0.608 0.64 0.634 0.65 0.662 0.656 0.646 0.67 0.662 0.634 0.658 0.652 0.694 0.682 0.694 0.69 0.694 0.698 0.69 0.674 0.722 0.702 0.704 0.708 0.718 0.728 0.722 0.748 0.742 0.734 0.742 0.74 0.758 0.742 0.752 0.742 0.742 0.722 0.744 0.758 0.74 0.766 0.742 0.756 0.758 0.756 0.762 0.758 0.768 0.76 0.768 0.774 0.762 0.754 0.764 0.766 0.77 0.786 0.77 0.766 0.772 0.778 0.768 0.78 0.768 0.778 0.782 0.772 0.778 0.776 0.76 0.784 0.782 0.766 0.738 0.796 0.786 0.776 0.796 0.79 0.788 0.78 0.792 0.792 0.792 0.782 0.78 
====================gaussian
0 0.094 0.072 0.072 0.072 0.072 0.072 0.072 0.072 0.072 0.072 0.072 0.074 0.072 0.072 0.094 0.234 0.17 0.232 0.29 0.268 0.298 0.364 0.354 0.376 0.448 0.48 0.49 0.518 0.59 0.562 0.576 0.58 0.574 0.624 0.594 0.616 0.642 0.622 0.646 0.646 0.664 0.634 0.674 0.684 0.668 0.678 0.676 0.684 0.676 0.672 0.702 0.678 0.692 0.722 0.714 0.706 0.698 0.71 0.73 0.716 0.748 0.74 0.752 0.758 0.746 0.748 0.74 0.766 0.764 0.762 0.744 0.768 0.77 0.766 0.758 0.774 0.778 0.79 0.784 0.748 0.786 0.784 0.782 0.762 0.788 0.774 0.794 0.79 0.758 0.784 0.776 0.792 0.78 0.788 0.788 0.788 0.802 0.802 0.804 0.774 0.778 0.804 0.814 0.804 0.786 0.806 0.792 0.796 0.79 0.812 0.808 0.798 0.812 0.8 0.82 0.818 0.81 0.82 0.822 0.808 
====================gaussian
0 0.094 0.1 0.1 0.1 0.1 0.1 0.1 0.1 0.1 0.1 0.1 0.1 0.1 0.1 0.1 0.1 0.19 0.194 0.26 0.294 0.312 0.424 0.43 0.516 0.546 0.526 0.558 0.566 0.576 0.586 0.604 0.624 0.598 0.664 0.67 0.67 0.708 0.694 0.688 0.696 0.722 0.718 0.702 0.738 0.72 0.75 0.744 0.746 0.744 0.754 0.73 0.708 0.736 0.774 0.768 0.764 0.738 0.756 0.758 0.762 0.77 0.782 0.77 0.792 0.782 0.788 0.79 0.782 0.792 0.792 0.798 0.786 0.804 0.8 0.802 0.798 0.81 0.814 0.806 0.8 0.818 0.816 0.814 0.804 0.816 0.808 0.812 0.812 0.8 0.814 0.78 0.836 0.806 0.822 0.804 0.806 0.816 0.806 0.818 0.81 0.816 0.818 0.814 0.83 0.818 0.822 0.804 0.824 0.804 0.828 0.836 0.826 0.824 0.828 0.836 0.824 0.834 0.82 0.842 0.816 
====================gaussian
0 0.084 0.084 0.084 0.084 0.084 0.118 0.084 0.084 0.084 0.118 0.118 0.084 0.084 0.118 0.118 0.176 0.218 0.24 0.346 0.382 0.402 0.46 0.522 0.518 0.566 0.598 0.62 0.6 0.632 0.62 0.642 0.656 0.652 0.684 0.67 0.676 0.71 0.698 0.702 0.7 0.704 0.7 0.688 0.722 0.72 0.73 0.742 0.744 0.736 0.748 0.756 0.722 0.748 0.742 0.762 0.754 0.756 0.764 0.762 0.758 0.76 0.768 0.766 0.772 0.772 0.772 0.78 0.758 0.78 0.762 0.776 0.776 0.784 0.778 0.774 0.772 0.788 0.796 0.782 0.788 0.786 0.796 0.788 0.784 0.786 0.784 0.784 0.792 0.774 0.786 0.79 0.8 0.788 0.794 0.8 0.786 0.806 0.798 0.81 0.804 0.8 0.816 0.808 0.8 0.818 0.804 0.796 0.818 0.808 0.822 0.822 0.804 0.812 0.816 0.812 0.806 0.816 0.822 0.822 0.818 
====================model_negation
0 0.102 0.08 0.08 0.08 0.102 0.08 0.08 0.102 0.102 0.102 0.102 0.102 0.102 0.102 0.102 0.102 0.102 0.102 0.156 0.152 0.16 0.296 0.314 0.46 0.544 0.502 0.498 0.504 0.518 0.55 0.566 0.562 0.576 0.636 0.614 0.65 0.636 0.68 0.68 0.656 0.67 0.7 0.698 0.686 0.672 0.692 0.712 0.698 0.68 0.684 0.712 0.696 0.704 0.7 0.708 0.718 0.738 0.714 0.708 0.732 0.738 0.714 0.752 0.74 0.746 0.744 0.756 0.75 0.754 0.75 0.736 0.76 0.756 0.752 0.766 0.768 0.75 0.744 0.768 0.766 0.758 0.76 0.77 0.774 0.762 0.768 0.758 0.77 0.746 0.778 0.76 0.754 0.77 0.76 0.752 0.762 0.762 0.782 0.778 0.77 0.772 0.772 0.758 0.766 0.772 0.778 0.784 0.79 0.766 0.768 0.778 0.768 0.778 0.782 0.762 0.774 0.784 0.774 0.778 0.782 
====================model_negation
0 0.1 0.1 0.106 0.094 0.094 0.094 0.106 0.106 0.116 0.116 0.106 0.106 0.106 0.116 0.116 0.09 0.1 0.1 0.186 0.194 0.194 0.286 0.39 0.364 0.496 0.484 0.496 0.508 0.524 0.544 0.534 0.554 0.6 0.644 0.63 0.618 0.66 0.648 0.668 0.642 0.656 0.696 0.716 0.666 0.672 0.7 0.702 0.706 0.686 0.67 0.708 0.714 0.692 0.722 0.668 0.72 0.714 0.72 0.686 0.748 0.744 0.7 0.77 0.74 0.716 0.736 0.732 0.746 0.754 0.742 0.734 0.772 0.75 0.732 0.758 0.762 0.756 0.74 0.782 0.772 0.76 0.762 0.752 0.782 0.78 0.78 0.77 0.778 0.774 0.796 0.768 0.778 0.798 0.76 0.788 0.792 0.76 0.802 0.796 0.794 0.81 0.812 0.81 0.802 0.812 0.812 0.808 0.81 0.786 0.78 0.814 0.792 0.824 0.822 0.81 0.822 0.816 0.804 0.824 0.824 
====================model_negation
0 0.106 0.116 0.116 0.102 0.102 0.102 0.102 0.106 0.084 0.106 0.102 0.116 0.108 0.106 0.106 0.106 0.104 0.114 0.164 0.198 0.232 0.322 0.398 0.49 0.512 0.478 0.548 0.538 0.538 0.566 0.592 0.626 0.626 0.626 0.67 0.68 0.672 0.706 0.692 0.714 0.716 0.702 0.74 0.724 0.722 0.736 0.726 0.73 0.72 0.744 0.73 0.726 0.742 0.744 0.73 0.74 0.752 0.744 0.722 0.744 0.752 0.732 0.748 0.766 0.748 0.75 0.766 0.752 0.75 0.762 0.746 0.758 0.768 0.752 0.758 0.762 0.77 0.76 0.774 0.77 0.764 0.77 0.766 0.772 0.78 0.768 0.78 0.748 0.778 0.762 0.79 0.75 0.768 0.784 0.782 0.768 0.778 0.77 0.794 0.778 0.796 0.794 0.794 0.786 0.786 0.78 0.792 0.784 0.782 0.782 0.788 0.81 0.808 0.804 0.79 0.804 0.794 0.812 0.798 0.81 
====================model_negation
0 0.094 0.104 0.104 0.094 0.114 0.114 0.114 0.114 0.114 0.104 0.094 0.104 0.114 0.114 0.114 0.114 0.072 0.122 0.202 0.216 0.262 0.376 0.424 0.526 0.526 0.572 0.562 0.574 0.592 0.6 0.618 0.624 0.62 0.646 0.646 0.668 0.66 0.694 0.682 0.732 0.716 0.724 0.734 0.754 0.718 0.744 0.736 0.75 0.726 0.736 0.75 0.712 0.752 0.75 0.736 0.74 0.754 0.75 0.742 0.74 0.764 0.746 0.758 0.764 0.766 0.762 0.78 0.762 0.762 0.77 0.754 0.774 0.786 0.764 0.766 0.768 0.78 0.77 0.788 0.778 0.786 0.782 0.792 0.78 0.8 0.79 0.794 0.764 0.802 0.778 0.792 0.764 0.792 0.786 0.802 0.76 0.8 0.798 0.804 0.792 0.788 0.798 0.81 0.798 0.804 0.786 0.814 0.8 0.804 0.814 0.81 0.82 0.812 0.806 0.806 0.82 0.812 0.822 0.802 0.828 
====================model_negation
0 0.106 0.106 0.106 0.106 0.106 0.09 0.106 0.106 0.106 0.106 0.106 0.106 0.106 0.106 0.106 0.106 0.106 0.106 0.144 0.198 0.226 0.372 0.422 0.46 0.448 0.532 0.536 0.538 0.552 0.556 0.55 0.564 0.6 0.584 0.64 0.636 0.618 0.678 0.704 0.686 0.712 0.71 0.72 0.71 0.698 0.722 0.718 0.72 0.716 0.718 0.738 0.72 0.734 0.772 0.748 0.758 0.732 0.738 0.736 0.73 0.746 0.74 0.748 0.748 0.752 0.774 0.752 0.744 0.754 0.754 0.744 0.754 0.75 0.782 0.768 0.766 0.778 0.776 0.774 0.792 0.77 0.786 0.79 0.8 0.774 0.826 0.792 0.796 0.786 0.81 0.772 0.804 0.776 0.802 0.788 0.804 0.794 0.794 0.82 0.802 0.814 0.808 0.794 0.814 0.79 0.826 0.804 0.816 0.8 0.81 0.814 0.812 0.822 0.812 0.812 0.816 0.826 0.81 0.824 0.814 
====================model_negation
0 0.08 0.104 0.104 0.104 0.104 0.104 0.104 0.104 0.104 0.116 0.104 0.104 0.08 0.08 0.094 0.094 0.116 0.116 0.208 0.184 0.308 0.286 0.328 0.414 0.42 0.436 0.444 0.46 0.478 0.49 0.522 0.53 0.552 0.55 0.58 0.628 0.612 0.65 0.628 0.67 0.648 0.654 0.698 0.68 0.672 0.688 0.674 0.686 0.692 0.68 0.706 0.68 0.71 0.728 0.686 0.702 0.722 0.72 0.702 0.714 0.724 0.702 0.708 0.736 0.732 0.718 0.742 0.722 0.714 0.742 0.702 0.746 0.734 0.718 0.728 0.718 0.746 0.716 0.736 0.734 0.706 0.746 0.756 0.756 0.74 0.76 0.738 0.702 0.744 0.768 0.758 0.73 0.728 0.764 0.762 0.74 0.762 0.726 0.768 0.72 0.766 0.764 0.774 0.75 0.768 0.772 0.764 0.756 0.752 0.736 0.782 0.78 0.772 0.778 0.772 0.776 0.788 0.764 0.796 0.762 
====================model_negation
0 0.102 0.102 0.102 0.102 0.102 0.102 0.102 0.102 0.102 0.102 0.102 0.102 0.102 0.102 0.102 0.102 0.102 0.102 0.102 0.18 0.216 0.328 0.434 0.374 0.444 0.468 0.472 0.482 0.502 0.486 0.536 0.572 0.6 0.59 0.614 0.688 0.626 0.662 0.726 0.686 0.732 0.706 0.736 0.722 0.738 0.752 0.734 0.764 0.744 0.748 0.742 0.766 0.74 0.77 0.734 0.784 0.742 0.782 0.756 0.766 0.778 0.78 0.78 0.778 0.78 0.792 0.766 0.784 0.79 0.778 0.796 0.796 0.786 0.8 0.79 0.8 0.79 0.802 0.792 0.796 0.788 0.792 0.79 0.796 0.802 0.802 0.786 0.81 0.798 0.812 0.786 0.81 0.798 0.81 0.786 0.818 0.804 0.808 0.8 0.798 0.81 0.814 0.818 0.826 0.82 0.828 0.804 0.83 0.824 0.82 0.818 0.812 0.816 0.818 0.83 0.822 0.814 0.816 0.828 0.822 
====================model_negation
0 0.102 0.102 0.102 0.102 0.102 0.102 0.102 0.096 0.096 0.096 0.096 0.096 0.102 0.102 0.094 0.128 0.048 0.164 0.252 0.242 0.308 0.484 0.448 0.5 0.498 0.508 0.5 0.512 0.548 0.548 0.572 0.588 0.588 0.614 0.586 0.628 0.618 0.636 0.66 0.662 0.676 0.678 0.686 0.704 0.68 0.714 0.69 0.726 0.706 0.708 0.724 0.694 0.72 0.716 0.716 0.724 0.734 0.722 0.712 0.728 0.73 0.716 0.732 0.73 0.726 0.726 0.742 0.738 0.738 0.738 0.736 0.752 0.75 0.744 0.744 0.742 0.746 0.746 0.762 0.752 0.754 0.744 0.742 0.746 0.758 0.762 0.77 0.75 0.766 0.766 0.772 0.754 0.76 0.76 0.764 0.75 0.766 0.77 0.776 0.762 0.762 0.764 0.778 0.774 0.78 0.764 0.78 0.78 0.786 0.782 0.784 0.784 0.792 0.786 0.782 0.796 0.804 0.79 0.78 0.798 
====================model_negation
0 0.088 0.1 0.096 0.096 0.088 0.1 0.106 0.106 0.106 0.1 0.106 0.106 0.148 0.108 0.1 0.088 0.088 0.088 0.192 0.188 0.214 0.318 0.39 0.492 0.458 0.49 0.506 0.534 0.504 0.55 0.592 0.578 0.572 0.616 0.612 0.642 0.628 0.644 0.654 0.652 0.654 0.656 0.652 0.644 0.662 0.672 0.672 0.668 0.67 0.666 0.668 0.668 0.694 0.68 0.684 0.692 0.718 0.694 0.664 0.692 0.692 0.69 0.706 0.702 0.714 0.71 0.734 0.72 0.718 0.72 0.728 0.73 0.746 0.74 0.732 0.728 0.734 0.738 0.76 0.748 0.742 0.744 0.746 0.75 0.758 0.74 0.752 0.746 0.76 0.748 0.792 0.732 0.772 0.762 0.778 0.73 0.77 0.76 0.76 0.772 0.768 0.768 0.804 0.762 0.776 0.756 0.798 0.77 0.782 0.78 0.796 0.792 0.798 0.794 0.774 0.798 0.784 0.8 0.776 0.8 
====================model_negation
0 0.096 0.096 0.096 0.096 0.096 0.096 0.096 0.096 0.096 0.096 0.096 0.096 0.096 0.096 0.096 0.096 0.096 0.096 0.122 0.21 0.234 0.334 0.392 0.426 0.5 0.522 0.524 0.53 0.544 0.554 0.562 0.596 0.616 0.628 0.624 0.642 0.646 0.65 0.694 0.666 0.71 0.72 0.702 0.714 0.714 0.736 0.728 0.746 0.736 0.714 0.752 0.736 0.736 0.756 0.762 0.75 0.752 0.748 0.75 0.756 0.77 0.768 0.774 0.768 0.768 0.766 0.766 0.774 0.786 0.772 0.774 0.778 0.78 0.778 0.792 0.784 0.776 0.784 0.796 0.796 0.786 0.786 0.802 0.8 0.806 0.796 0.802 0.804 0.794 0.794 0.794 0.806 0.808 0.798 0.796 0.806 0.788 0.8 0.806 0.798 0.802 0.806 0.804 0.812 0.804 0.798 0.812 0.806 0.812 0.816 0.814 0.804 0.812 0.806 0.802 0.808 0.824 0.814 0.804 0.82 
====================model_negation
0 0.092 0.104 0.104 0.092 0.092 0.092 0.092 0.092 0.092 0.092 0.092 0.092 0.166 0.198 0.194 0.244 0.27 0.29 0.388 0.42 0.5 0.544 0.542 0.542 0.592 0.568 0.594 0.68 0.61 0.664 0.644 0.686 0.668 0.698 0.702 0.712 0.704 0.716 0.726 0.72 0.736 0.738 0.732 0.746 0.74 0.744 0.762 0.736 0.72 0.728 0.752 0.76 0.746 0.75 0.76 0.766 0.744 0.76 0.77 0.75 0.766 0.752 0.762 0.754 0.77 0.768 0.77 0.758 0.744 0.784 0.768 0.774 0.766 0.78 0.762 0.786 0.758 0.764 0.786 0.778 0.778 0.784 0.774 0.782 0.776 0.766 0.788 0.788 0.774 0.79 0.796 0.77 0.784 0.78 0.798 0.78 0.786 0.792 0.786 0.79 0.788 0.798 0.794 0.8 0.778 0.806 0.79 0.804 0.796 0.784 0.804 0.792 0.792 0.79 0.808 0.796 0.806 0.806 0.804 0.81 
====================model_negation
0 0.102 0.102 0.102 0.102 0.102 0.102 0.102 0.124 0.082 0.124 0.124 0.214 0.218 0.22 0.264 0.23 0.284 0.252 0.354 0.422 0.472 0.508 0.526 0.56 0.548 0.574 0.554 0.62 0.568 0.636 0.626 0.67 0.646 0.662 0.68 0.672 0.68 0.662 0.684 0.692 0.68 0.71 0.71 0.698 0.732 0.706 0.718 0.71 0.642 0.674 0.708 0.696 0.712 0.69 0.678 0.676 0.708 0.658 0.664 0.664 0.678 0.732 0.684 0.738 0.704 0.712 0.704 0.74 0.664 0.682 0.638 0.698 0.684 0.692 0.728 0.716 0.692 0.71 0.716 0.74 0.71 0.744 0.74 0.734 0.778 0.75 0.742 0.746 0.71 0.706 0.746 0.734 0.766 0.742 0.73 0.754 0.768 0.764 0.77 0.752 0.784 0.752 0.776 0.788 0.742 0.776 0.748 0.78 0.742 0.78 0.766 0.742 0.772 0.798 0.776 0.738 0.804 0.792 0.772 0.784 
====================model_negation
0 0.1 0.096 0.114 0.114 0.114 0.114 0.114 0.114 0.114 0.114 0.114 0.152 0.16 0.184 0.182 0.188 0.184 0.258 0.298 0.402 0.42 0.458 0.488 0.524 0.54 0.59 0.57 0.602 0.576 0.66 0.598 0.636 0.654 0.654 0.676 0.662 0.676 0.7 0.7 0.708 0.716 0.684 0.7 0.708 0.704 0.718 0.706 0.714 0.7 0.714 0.72 0.706 0.706 0.706 0.704 0.73 0.73 0.728 0.732 0.748 0.734 0.726 0.72 0.728 0.736 0.72 0.734 0.734 0.746 0.754 0.752 0.748 0.768 0.756 0.746 0.768 0.778 0.768 0.762 0.754 0.766 0.76 0.77 0.77 0.742 0.752 0.764 0.78 0.782 0.766 0.788 0.768 0.778 0.778 0.778 0.782 0.768 0.782 0.776 0.784 0.784 0.792 0.772 0.786 0.808 0.778 0.8 0.79 0.802 0.782 0.802 0.79 0.772 0.762 0.796 0.804 0.786 0.788 0.808 0.8 
====================model_negation
0 0.088 0.106 0.096 0.096 0.096 0.096 0.096 0.096 0.096 0.096 0.098 0.168 0.262 0.218 0.212 0.282 0.266 0.322 0.358 0.44 0.448 0.486 0.514 0.524 0.566 0.554 0.57 0.582 0.582 0.588 0.622 0.612 0.64 0.648 0.656 0.662 0.65 0.67 0.664 0.684 0.678 0.69 0.684 0.694 0.702 0.706 0.7 0.692 0.664 0.674 0.706 0.718 0.704 0.708 0.7 0.704 0.728 0.702 0.71 0.708 0.726 0.726 0.71 0.742 0.738 0.726 0.724 0.742 0.696 0.732 0.696 0.73 0.73 0.74 0.742 0.744 0.734 0.74 0.746 0.74 0.74 0.76 0.75 0.768 0.78 0.766 0.764 0.748 0.746 0.748 0.756 0.754 0.774 0.756 0.75 0.776 0.776 0.772 0.768 0.762 0.762 0.76 0.794 0.774 0.75 0.778 0.774 0.792 0.762 0.786 0.792 0.758 0.772 0.784 0.784 0.774 0.78 0.794 0.78 0.802 
====================model_negation
0 0.092 0.092 0.092 0.092 0.092 0.092 0.092 0.092 0.092 0.092 0.092 0.176 0.176 0.186 0.188 0.264 0.354 0.382 0.376 0.406 0.462 0.488 0.576 0.566 0.652 0.636 0.666 0.628 0.654 0.66 0.668 0.676 0.698 0.682 0.716 0.74 0.706 0.748 0.74 0.748 0.75 0.752 0.758 0.764 0.766 0.77 0.774 0.778 0.778 0.74 0.774 0.782 0.768 0.758 0.786 0.794 0.77 0.794 0.792 0.8 0.792 0.788 0.802 0.794 0.81 0.792 0.806 0.79 0.816 0.814 0.814 0.808 0.81 0.816 0.81 0.826 0.802 0.816 0.822 0.814 0.834 0.828 0.806 0.828 0.82 0.822 0.822 0.816 0.826 0.822 0.83 0.836 0.828 0.83 0.828 0.838 0.832 0.834 0.834 0.832 0.812 0.826 0.83 0.824 0.83 0.838 0.834 0.822 0.832 0.832 0.836 0.832 0.828 0.824 0.838 0.832 0.832 0.844 0.846 0.848 
====================model_negation
0 0.12 0.094 0.112 0.09 0.118 0.09 0.118 0.084 0.094 0.094 0.094 0.112 0.182 0.188 0.188 0.256 0.262 0.316 0.384 0.366 0.458 0.482 0.51 0.61 0.514 0.546 0.57 0.616 0.586 0.656 0.602 0.644 0.684 0.68 0.696 0.702 0.7 0.73 0.712 0.72 0.738 0.738 0.734 0.732 0.736 0.732 0.746 0.74 0.74 0.742 0.754 0.76 0.752 0.742 0.768 0.764 0.752 0.766 0.76 0.758 0.764 0.748 0.764 0.752 0.756 0.75 0.77 0.76 0.766 0.782 0.768 0.77 0.782 0.768 0.766 0.766 0.766 0.78 0.766 0.774 0.79 0.78 0.782 0.788 0.782 0.774 0.794 0.79 0.784 0.794 0.802 0.79 0.806 0.81 0.792 0.796 0.792 0.798 0.802 0.804 0.794 0.808 0.804 0.808 0.804 0.804 0.82 0.824 0.81 0.806 0.816 0.816 0.812 0.81 0.8 0.806 0.818 0.81 0.818 0.826 
====================model_negation
0 0.1 0.1 0.096 0.106 0.106 0.106 0.116 0.116 0.116 0.09 0.17 0.206 0.256 0.22 0.226 0.268 0.256 0.292 0.34 0.424 0.486 0.504 0.514 0.532 0.57 0.626 0.576 0.612 0.6 0.636 0.658 0.678 0.676 0.674 0.688 0.694 0.7 0.692 0.706 0.724 0.722 0.736 0.73 0.728 0.742 0.742 0.732 0.75 0.704 0.718 0.738 0.724 0.738 0.716 0.736 0.736 0.714 0.744 0.724 0.748 0.74 0.766 0.74 0.756 0.746 0.754 0.754 0.764 0.706 0.764 0.736 0.748 0.756 0.758 0.744 0.762 0.736 0.752 0.76 0.758 0.754 0.772 0.76 0.77 0.782 0.776 0.77 0.78 0.768 0.764 0.78 0.764 0.792 0.778 0.79 0.776 0.788 0.786 0.79 0.794 0.796 0.788 0.794 0.802 0.786 0.808 0.79 0.804 0.786 0.788 0.802 0.796 0.782 0.822 0.81 0.788 0.81 0.802 0.79 0.81 
====================model_negation
0 0.094 0.108 0.108 0.108 0.108 0.108 0.108 0.108 0.092 0.092 0.17 0.084 0.156 0.176 0.172 0.26 0.286 0.274 0.344 0.386 0.4 0.484 0.498 0.568 0.544 0.544 0.586 0.592 0.608 0.596 0.638 0.638 0.63 0.64 0.666 0.676 0.668 0.678 0.682 0.688 0.684 0.716 0.716 0.7 0.734 0.71 0.72 0.72 0.684 0.694 0.736 0.7 0.71 0.68 0.702 0.708 0.704 0.71 0.712 0.718 0.728 0.738 0.724 0.74 0.72 0.736 0.738 0.732 0.704 0.736 0.72 0.728 0.752 0.756 0.744 0.75 0.732 0.752 0.752 0.76 0.766 0.76 0.766 0.756 0.772 0.764 0.756 0.772 0.754 0.752 0.782 0.76 0.792 0.78 0.78 0.772 0.788 0.804 0.786 0.778 0.776 0.78 0.786 0.784 0.782 0.792 0.798 0.794 0.8 0.8 0.822 0.79 0.766 0.798 0.798 0.798 0.8 0.79 0.804 0.826 
====================model_negation
0 0.094 0.094 0.094 0.094 0.094 0.094 0.094 0.094 0.094 0.094 0.094 0.094 0.162 0.17 0.184 0.186 0.178 0.234 0.28 0.46 0.43 0.476 0.518 0.532 0.55 0.582 0.522 0.602 0.556 0.608 0.63 0.63 0.618 0.628 0.654 0.644 0.632 0.624 0.61 0.64 0.628 0.654 0.66 0.644 0.686 0.654 0.674 0.682 0.566 0.646 0.682 0.666 0.682 0.648 0.636 0.65 0.694 0.652 0.644 0.664 0.686 0.738 0.676 0.716 0.712 0.728 0.734 0.724 0.642 0.7 0.654 0.71 0.704 0.73 0.736 0.72 0.706 0.73 0.708 0.754 0.724 0.748 0.748 0.742 0.78 0.778 0.744 0.748 0.704 0.72 0.786 0.744 0.778 0.77 0.762 0.776 0.782 0.784 0.784 0.74 0.776 0.764 0.774 0.804 0.744 0.778 0.776 0.798 0.762 0.79 0.794 0.774 0.776 0.806 0.786 0.776 0.804 0.792 0.788 0.8 
====================model_negation
0 0.102 0.102 0.102 0.102 0.102 0.102 0.102 0.102 0.102 0.102 0.102 0.102 0.166 0.174 0.212 0.25 0.254 0.282 0.27 0.39 0.44 0.492 0.514 0.492 0.544 0.568 0.556 0.604 0.56 0.636 0.624 0.688 0.638 0.674 0.678 0.688 0.686 0.704 0.704 0.712 0.716 0.718 0.718 0.728 0.726 0.728 0.742 0.73 0.724 0.722 0.73 0.724 0.72 0.732 0.736 0.74 0.74 0.738 0.742 0.76 0.746 0.748 0.738 0.74 0.756 0.744 0.748 0.742 0.744 0.76 0.762 0.76 0.766 0.766 0.762 0.772 0.764 0.768 0.776 0.778 0.766 0.78 0.77 0.776 0.762 0.762 0.786 0.794 0.784 0.788 0.8 0.782 0.79 0.784 0.798 0.79 0.774 0.776 0.788 0.798 0.784 0.788 0.788 0.786 0.776 0.804 0.8 0.808 0.808 0.792 0.808 0.808 0.808 0.812 0.804 0.792 0.804 0.81 0.796 0.816 
====================model_negation
0 0.098 0.088 0.094 0.108 0.098 0.108 0.094 0.102 0.172 0.158 0.194 0.188 0.196 0.26 0.274 0.27 0.274 0.294 0.414 0.426 0.46 0.482 0.504 0.544 0.548 0.566 0.594 0.55 0.61 0.58 0.624 0.596 0.628 0.64 0.638 0.632 0.67 0.632 0.666 0.632 0.684 0.642 0.678 0.676 0.698 0.692 0.712 0.708 0.688 0.692 0.706 0.73 0.708 0.71 0.712 0.722 0.718 0.716 0.736 0.752 0.692 0.708 0.748 0.76 0.736 0.746 0.76 0.734 0.76 0.744 0.736 0.756 0.78 0.728 0.778 0.756 0.722 0.77 0.776 0.754 0.782 0.772 0.758 0.772 0.774 0.76 0.772 0.768 0.78 0.79 0.784 0.758 0.798 0.766 0.766 0.78 0.81 0.766 0.788 0.808 0.77 0.824 0.758 0.794 0.792 0.792 0.798 0.78 0.784 0.804 0.8 0.808 0.79 0.814 0.782 0.79 0.798 0.808 0.792 0.806 
====================model_negation
0 0.082 0.088 0.088 0.088 0.088 0.088 0.088 0.088 0.088 0.162 0.242 0.272 0.252 0.208 0.31 0.318 0.4 0.486 0.442 0.494 0.514 0.576 0.544 0.572 0.586 0.546 0.53 0.552 0.57 0.578 0.624 0.602 0.572 0.588 0.598 0.618 0.66 0.61 0.604 0.622 0.674 0.674 0.674 0.694 0.718 0.71 0.7 0.722 0.716 0.71 0.758 0.732 0.73 0.716 0.728 0.742 0.73 0.722 0.736 0.74 0.744 0.706 0.742 0.76 0.752 0.744 0.762 0.768 0.772 0.774 0.73 0.768 0.778 0.75 0.758 0.78 0.782 0.776 0.784 0.77 0.784 0.784 0.786 0.794 0.782 0.786 0.796 0.78 0.788 0.79 0.782 0.802 0.788 0.778 0.8 0.79 0.804 0.802 0.79 0.81 0.794 0.782 0.794 0.8 0.818 0.798 0.806 0.802 0.798 0.808 0.806 0.804 0.81 0.81 0.804 0.828 0.814 0.8 0.816 0.802 
====================model_negation
0 0.102 0.102 0.102 0.102 0.084 0.102 0.102 0.102 0.102 0.172 0.176 0.206 0.232 0.238 0.266 0.278 0.314 0.512 0.474 0.514 0.56 0.554 0.57 0.568 0.578 0.6 0.604 0.6 0.664 0.638 0.67 0.646 0.696 0.676 0.716 0.696 0.708 0.702 0.71 0.706 0.726 0.714 0.706 0.714 0.714 0.736 0.712 0.73 0.732 0.724 0.724 0.716 0.74 0.724 0.74 0.736 0.734 0.73 0.738 0.738 0.75 0.734 0.752 0.748 0.748 0.76 0.746 0.746 0.764 0.75 0.758 0.75 0.748 0.776 0.75 0.754 0.76 0.766 0.764 0.766 0.764 0.772 0.762 0.774 0.78 0.754 0.766 0.79 0.786 0.77 0.772 0.79 0.78 0.756 0.766 0.784 0.77 0.796 0.788 0.77 0.788 0.76 0.806 0.762 0.786 0.778 0.79 0.786 0.782 0.802 0.788 0.786 0.786 0.776 0.8 0.79 0.786 0.806 0.794 0.774 
====================model_negation
0 0.094 0.094 0.086 0.086 0.094 0.094 0.146 0.16 0.164 0.202 0.212 0.192 0.246 0.278 0.284 0.3 0.352 0.426 0.456 0.516 0.524 0.554 0.57 0.572 0.568 0.594 0.604 0.632 0.628 0.606 0.59 0.632 0.642 0.654 0.666 0.68 0.664 0.682 0.686 0.684 0.69 0.704 0.69 0.694 0.704 0.706 0.722 0.716 0.708 0.736 0.724 0.726 0.742 0.734 0.726 0.724 0.738 0.736 0.732 0.742 0.74 0.728 0.75 0.738 0.736 0.742 0.75 0.742 0.746 0.748 0.74 0.756 0.74 0.746 0.752 0.746 0.758 0.736 0.758 0.764 0.762 0.748 0.754 0.754 0.758 0.748 0.742 0.772 0.762 0.762 0.778 0.776 0.754 0.764 0.762 0.78 0.754 0.776 0.77 0.752 0.79 0.756 0.784 0.774 0.758 0.758 0.78 0.778 0.79 0.784 0.78 0.772 0.786 0.788 0.788 0.79 0.784 0.784 0.79 0.774 
====================model_negation
0 0.116 0.116 0.094 0.094 0.102 0.102 0.102 0.102 0.174 0.194 0.224 0.246 0.264 0.288 0.31 0.32 0.326 0.442 0.486 0.494 0.51 0.506 0.56 0.558 0.6 0.566 0.568 0.58 0.604 0.646 0.618 0.658 0.612 0.62 0.646 0.688 0.64 0.656 0.656 0.646 0.696 0.67 0.674 0.692 0.714 0.716 0.712 0.7 0.714 0.712 0.732 0.712 0.72 0.72 0.726 0.724 0.728 0.718 0.74 0.72 0.72 0.67 0.732 0.744 0.706 0.732 0.752 0.744 0.754 0.74 0.722 0.75 0.764 0.732 0.764 0.768 0.74 0.756 0.774 0.728 0.756 0.77 0.772 0.778 0.784 0.772 0.762 0.788 0.762 0.774 0.764 0.774 0.77 0.796 0.754 0.79 0.79 0.776 0.778 0.776 0.774 0.798 0.784 0.774 0.79 0.778 0.79 0.786 0.782 0.798 0.794 0.792 0.786 0.786 0.784 0.788 0.782 0.786 0.786 0.782 
====================model_negation
0 0.096 0.096 0.096 0.096 0.096 0.114 0.096 0.096 0.15 0.156 0.25 0.25 0.258 0.292 0.302 0.304 0.358 0.428 0.472 0.47 0.524 0.55 0.57 0.548 0.548 0.574 0.584 0.628 0.586 0.602 0.572 0.622 0.638 0.652 0.644 0.68 0.652 0.686 0.688 0.678 0.692 0.692 0.694 0.696 0.708 0.71 0.712 0.702 0.706 0.724 0.718 0.696 0.724 0.73 0.732 0.726 0.734 0.752 0.74 0.748 0.758 0.758 0.75 0.746 0.754 0.76 0.738 0.74 0.754 0.758 0.766 0.758 0.734 0.792 0.758 0.752 0.78 0.756 0.77 0.788 0.768 0.774 0.76 0.78 0.76 0.764 0.78 0.788 0.794 0.778 0.786 0.802 0.784 0.74 0.774 0.798 0.784 0.792 0.8 0.788 0.798 0.788 0.804 0.806 0.772 0.794 0.802 0.794 0.796 0.808 0.806 0.8 0.804 0.812 0.808 0.794 0.81 0.812 0.79 0.78 
====================model_negation
0 0.096 0.096 0.096 0.096 0.094 0.094 0.146 0.194 0.182 0.204 0.204 0.22 0.244 0.278 0.28 0.288 0.298 0.36 0.458 0.466 0.498 0.512 0.51 0.536 0.534 0.574 0.566 0.592 0.582 0.574 0.586 0.596 0.634 0.614 0.656 0.63 0.67 0.644 0.662 0.648 0.672 0.66 0.674 0.668 0.678 0.666 0.668 0.67 0.672 0.684 0.676 0.69 0.696 0.69 0.696 0.702 0.692 0.704 0.7 0.714 0.716 0.706 0.728 0.716 0.736 0.73 0.73 0.744 0.754 0.736 0.746 0.766 0.726 0.754 0.76 0.748 0.756 0.748 0.76 0.762 0.754 0.77 0.768 0.766 0.76 0.764 0.766 0.778 0.786 0.78 0.776 0.792 0.774 0.748 0.77 0.79 0.772 0.782 0.804 0.774 0.774 0.78 0.776 0.79 0.778 0.79 0.794 0.786 0.79 0.776 0.786 0.794 0.784 0.786 0.796 0.788 0.782 0.78 0.782 0.776 
====================model_negation
0 0.072 0.072 0.114 0.072 0.104 0.072 0.154 0.094 0.174 0.204 0.21 0.218 0.25 0.278 0.286 0.38 0.436 0.494 0.538 0.526 0.592 0.604 0.614 0.608 0.608 0.618 0.628 0.63 0.64 0.622 0.664 0.678 0.654 0.636 0.684 0.662 0.688 0.646 0.676 0.652 0.698 0.676 0.664 0.674 0.718 0.738 0.708 0.732 0.718 0.74 0.748 0.752 0.738 0.754 0.76 0.742 0.752 0.764 0.756 0.732 0.75 0.704 0.734 0.75 0.76 0.74 0.756 0.78 0.792 0.756 0.768 0.74 0.788 0.75 0.788 0.78 0.786 0.808 0.8 0.76 0.782 0.802 0.806 0.812 0.798 0.8 0.812 0.794 0.8 0.814 0.798 0.782 0.818 0.794 0.818 0.806 0.804 0.808 0.798 0.822 0.806 0.804 0.784 0.804 0.816 0.814 0.806 0.802 0.812 0.814 0.814 0.82 0.81 0.822 0.804 0.826 0.816 0.814 0.82 0.826 
====================model_negation
0 0.1 0.1 0.1 0.1 0.1 0.1 0.1 0.142 0.15 0.156 0.256 0.22 0.242 0.258 0.32 0.33 0.378 0.446 0.506 0.506 0.508 0.56 0.572 0.6 0.622 0.584 0.624 0.592 0.628 0.618 0.65 0.644 0.662 0.682 0.684 0.684 0.704 0.688 0.69 0.698 0.732 0.718 0.718 0.722 0.738 0.738 0.74 0.74 0.748 0.728 0.746 0.76 0.74 0.738 0.764 0.756 0.752 0.756 0.76 0.736 0.752 0.7 0.748 0.75 0.744 0.744 0.74 0.764 0.758 0.756 0.722 0.762 0.76 0.74 0.774 0.77 0.764 0.772 0.764 0.75 0.776 0.786 0.798 0.78 0.796 0.794 0.79 0.786 0.778 0.788 0.8 0.77 0.778 0.794 0.808 0.802 0.786 0.79 0.782 0.806 0.808 0.788 0.794 0.784 0.818 0.796 0.808 0.808 0.798 0.8 0.814 0.818 0.82 0.806 0.808 0.81 0.79 0.8 0.82 0.822 
====================model_negation
0 0.116 0.116 0.098 0.098 0.126 0.11 0.106 0.11 0.16 0.216 0.246 0.262 0.214 0.302 0.326 0.394 0.376 0.498 0.558 0.528 0.592 0.622 0.642 0.614 0.636 0.668 0.658 0.708 0.682 0.674 0.67 0.716 0.728 0.712 0.726 0.738 0.728 0.75 0.736 0.746 0.75 0.766 0.742 0.762 0.746 0.754 0.768 0.758 0.766 0.756 0.776 0.776 0.77 0.776 0.784 0.772 0.782 0.788 0.786 0.79 0.814 0.794 0.784 0.792 0.81 0.812 0.792 0.814 0.814 0.812 0.812 0.81 0.804 0.828 0.816 0.826 0.832 0.828 0.82 0.83 0.822 0.836 0.818 0.844 0.82 0.824 0.834 0.834 0.832 0.826 0.842 0.83 0.83 0.786 0.82 0.836 0.82 0.838 0.836 0.84 0.824 0.838 0.82 0.846 0.842 0.84 0.834 0.844 0.838 0.846 0.84 0.848 0.854 0.84 0.838 0.848 0.842 0.84 0.846 0.838 
====================grad_scale
0 0.092 0.108 0.102 0.084 0.084 0.084 0.084 0.084 0.084 0.178 0.268 0.258 0.3 0.372 0.372 0.414 0.468 0.532 0.468 0.548 0.554 0.538 0.584 0.578 0.66 0.632 0.692 0.66 0.66 0.688 0.688 0.67 0.684 0.7 0.704 0.702 0.7 0.7 0.712 0.706 0.71 0.716 0.704 0.716 0.71 0.716 0.742 0.708 0.732 0.746 0.726 0.74 0.718 0.746 0.76 0.74 0.752 0.742 0.752 0.756 0.75 0.766 0.77 0.762 0.764 0.722 0.768 0.764 0.74 0.762 0.766 0.768 0.764 0.772 0.73 0.776 0.794 0.764 0.782 0.762 0.754 0.786 0.754 0.78 0.77 0.794 0.748 0.752 0.772 0.764 0.794 0.79 0.738 0.774 0.768 0.746 0.748 0.778 0.77 0.794 0.768 0.766 0.764 0.776 0.754 0.792 0.768 0.782 0.782 0.79 0.77 0.736 0.788 0.776 0.81 0.82 0.802 0.794 0.814 0.782 
====================grad_scale
0 0.098 0.098 0.098 0.098 0.098 0.098 0.098 0.098 0.182 0.198 0.28 0.312 0.438 0.376 0.516 0.534 0.554 0.556 0.61 0.62 0.656 0.64 0.696 0.664 0.708 0.706 0.702 0.706 0.72 0.74 0.744 0.746 0.736 0.766 0.76 0.758 0.778 0.756 0.78 0.77 0.772 0.788 0.77 0.776 0.78 0.794 0.78 0.776 0.81 0.798 0.808 0.808 0.8 0.808 0.818 0.818 0.812 0.818 0.804 0.8 0.798 0.802 0.824 0.82 0.802 0.798 0.838 0.838 0.814 0.804 0.824 0.83 0.81 0.82 0.816 0.832 0.82 0.828 0.838 0.828 0.822 0.826 0.822 0.826 0.826 0.834 0.834 0.834 0.83 0.834 0.848 0.836 0.832 0.852 0.838 0.84 0.848 0.85 0.85 0.858 0.834 0.836 0.836 0.848 0.844 0.844 0.83 0.844 0.848 0.852 0.836 0.82 0.838 0.848 0.84 0.84 0.848 0.84 0.85 0.85 
====================grad_scale
0 0.102 0.102 0.102 0.102 0.102 0.094 0.146 0.102 0.118 0.18 0.208 0.276 0.32 0.348 0.412 0.464 0.476 0.486 0.516 0.478 0.532 0.526 0.594 0.58 0.62 0.614 0.64 0.636 0.644 0.668 0.664 0.67 0.672 0.706 0.678 0.666 0.688 0.682 0.7 0.708 0.712 0.688 0.724 0.716 0.706 0.71 0.734 0.72 0.702 0.754 0.722 0.752 0.714 0.744 0.746 0.73 0.76 0.72 0.766 0.74 0.764 0.754 0.742 0.756 0.76 0.724 0.76 0.746 0.742 0.754 0.752 0.764 0.746 0.776 0.728 0.76 0.78 0.758 0.76 0.764 0.754 0.776 0.768 0.78 0.764 0.778 0.768 0.748 0.79 0.756 0.79 0.792 0.746 0.77 0.768 0.748 0.752 0.756 0.76 0.766 0.768 0.766 0.768 0.762 0.748 0.802 0.786 0.776 0.77 0.8 0.762 0.718 0.8 0.79 0.814 0.804 0.78 0.806 0.794 0.758 
====================grad_scale
0 0.122 0.124 0.088 0.088 0.088 0.122 0.122 0.088 0.224 0.208 0.23 0.366 0.412 0.386 0.41 0.47 0.538 0.478 0.562 0.542 0.596 0.594 0.616 0.638 0.638 0.65 0.666 0.672 0.68 0.694 0.712 0.724 0.742 0.722 0.742 0.742 0.73 0.742 0.714 0.76 0.754 0.74 0.752 0.764 0.766 0.744 0.754 0.776 0.766 0.756 0.762 0.764 0.78 0.756 0.756 0.768 0.768 0.778 0.788 0.776 0.792 0.782 0.776 0.766 0.79 0.798 0.788 0.772 0.792 0.792 0.788 0.776 0.794 0.796 0.792 0.792 0.794 0.792 0.79 0.798 0.798 0.796 0.796 0.804 0.792 0.79 0.792 0.804 0.796 0.808 0.792 0.798 0.806 0.8 0.792 0.808 0.814 0.812 0.782 0.786 0.798 0.806 0.794 0.788 0.81 0.804 0.806 0.792 0.804 0.792 0.812 0.804 0.794 0.824 0.816 0.798 0.804 0.816 0.786 0.816 
====================grad_scale
0 0.1 0.11 0.1 0.116 0.09 0.096 0.096 0.148 0.274 0.27 0.356 0.348 0.418 0.468 0.488 0.516 0.53 0.538 0.556 0.54 0.584 0.598 0.608 0.628 0.63 0.638 0.646 0.66 0.684 0.692 0.696 0.714 0.714 0.746 0.716 0.726 0.738 0.722 0.714 0.752 0.74 0.72 0.758 0.756 0.752 0.742 0.738 0.776 0.76 0.752 0.764 0.772 0.768 0.766 0.766 0.776 0.79 0.764 0.78 0.776 0.786 0.788 0.78 0.782 0.792 0.804 0.794 0.782 0.798 0.798 0.796 0.802 0.8 0.808 0.784 0.798 0.81 0.806 0.806 0.798 0.8 0.81 0.796 0.826 0.802 0.818 0.808 0.822 0.792 0.83 0.822 0.82 0.816 0.802 0.806 0.826 0.842 0.84 0.818 0.812 0.828 0.834 0.816 0.82 0.824 0.832 0.832 0.804 0.832 0.83 0.836 0.818 0.836 0.854 0.836 0.828 0.846 0.848 0.818 0.856 
====================grad_scale
0 0.086 0.106 0.086 0.086 0.106 0.086 0.086 0.12 0.126 0.15 0.274 0.298 0.318 0.458 0.448 0.534 0.58 0.524 0.602 0.57 0.618 0.622 0.642 0.644 0.654 0.672 0.658 0.668 0.688 0.704 0.71 0.7 0.702 0.714 0.716 0.72 0.736 0.704 0.734 0.732 0.72 0.73 0.732 0.746 0.758 0.744 0.752 0.77 0.772 0.752 0.756 0.778 0.782 0.76 0.76 0.77 0.776 0.782 0.778 0.772 0.788 0.778 0.784 0.784 0.798 0.796 0.794 0.77 0.804 0.808 0.8 0.798 0.784 0.796 0.8 0.81 0.81 0.814 0.812 0.81 0.816 0.802 0.816 0.808 0.81 0.812 0.806 0.81 0.82 0.81 0.816 0.816 0.806 0.83 0.804 0.824 0.834 0.814 0.806 0.814 0.824 0.83 0.806 0.816 0.832 0.82 0.82 0.822 0.828 0.816 0.826 0.848 0.814 0.83 0.808 0.822 0.832 0.818 0.816 0.836 
====================grad_scale
0 0.094 0.102 0.094 0.094 0.094 0.102 0.094 0.094 0.168 0.184 0.208 0.268 0.35 0.358 0.434 0.48 0.51 0.496 0.524 0.542 0.556 0.544 0.592 0.578 0.586 0.58 0.598 0.596 0.604 0.624 0.624 0.622 0.632 0.654 0.65 0.652 0.676 0.64 0.684 0.658 0.68 0.696 0.672 0.686 0.686 0.726 0.708 0.706 0.718 0.724 0.72 0.726 0.71 0.724 0.726 0.716 0.73 0.744 0.728 0.722 0.726 0.728 0.734 0.732 0.73 0.732 0.752 0.766 0.752 0.76 0.75 0.76 0.758 0.756 0.782 0.778 0.768 0.79 0.762 0.778 0.782 0.776 0.778 0.78 0.79 0.758 0.78 0.778 0.78 0.788 0.788 0.78 0.798 0.794 0.8 0.78 0.8 0.806 0.81 0.796 0.788 0.79 0.798 0.814 0.78 0.794 0.776 0.806 0.806 0.804 0.788 0.784 0.788 0.798 0.786 0.812 0.822 0.794 0.808 0.796 
====================grad_scale
0 0.08 0.08 0.08 0.08 0.08 0.08 0.08 0.08 0.084 0.118 0.228 0.208 0.338 0.33 0.442 0.518 0.482 0.534 0.566 0.588 0.6 0.608 0.646 0.648 0.644 0.672 0.644 0.662 0.698 0.688 0.702 0.712 0.71 0.716 0.714 0.712 0.722 0.706 0.73 0.722 0.714 0.732 0.736 0.738 0.74 0.744 0.74 0.75 0.754 0.74 0.754 0.758 0.75 0.756 0.754 0.748 0.764 0.77 0.752 0.752 0.752 0.762 0.776 0.782 0.766 0.776 0.762 0.772 0.772 0.78 0.78 0.776 0.76 0.788 0.796 0.774 0.784 0.79 0.774 0.784 0.802 0.79 0.8 0.79 0.79 0.792 0.786 0.804 0.794 0.812 0.812 0.814 0.814 0.82 0.812 0.812 0.826 0.81 0.796 0.804 0.842 0.834 0.808 0.816 0.828 0.83 0.806 0.826 0.826 0.82 0.82 0.822 0.834 0.826 0.816 0.826 0.838 0.822 0.832 0.844 
====================grad_scale
0 0.114 0.114 0.104 0.094 0.114 0.136 0.1 0.114 0.114 0.202 0.274 0.342 0.43 0.454 0.524 0.554 0.576 0.556 0.59 0.568 0.62 0.598 0.652 0.652 0.694 0.67 0.704 0.7 0.698 0.716 0.728 0.708 0.716 0.74 0.738 0.74 0.734 0.746 0.738 0.74 0.758 0.748 0.752 0.76 0.774 0.776 0.768 0.758 0.772 0.766 0.768 0.768 0.766 0.774 0.788 0.79 0.774 0.782 0.768 0.786 0.784 0.788 0.78 0.78 0.776 0.802 0.792 0.784 0.804 0.798 0.796 0.808 0.812 0.8 0.802 0.804 0.798 0.794 0.792 0.816 0.806 0.802 0.794 0.806 0.808 0.806 0.81 0.81 0.808 0.814 0.81 0.816 0.816 0.822 0.828 0.818 0.81 0.824 0.834 0.824 0.824 0.818 0.818 0.832 0.838 0.828 0.816 0.82 0.824 0.824 0.842 0.81 0.834 0.816 0.826 0.822 0.828 0.834 0.83 0.826 
====================grad_scale
0 0.098 0.096 0.096 0.106 0.096 0.096 0.106 0.096 0.096 0.19 0.252 0.278 0.32 0.398 0.382 0.422 0.432 0.468 0.488 0.502 0.53 0.542 0.6 0.598 0.636 0.616 0.636 0.656 0.664 0.682 0.694 0.712 0.718 0.712 0.716 0.734 0.708 0.732 0.718 0.718 0.742 0.722 0.724 0.738 0.728 0.724 0.728 0.746 0.738 0.742 0.746 0.738 0.748 0.746 0.756 0.742 0.742 0.76 0.74 0.76 0.754 0.756 0.754 0.744 0.748 0.756 0.768 0.742 0.776 0.76 0.764 0.756 0.77 0.766 0.786 0.766 0.766 0.77 0.774 0.782 0.778 0.776 0.772 0.782 0.762 0.774 0.78 0.796 0.772 0.798 0.782 0.806 0.786 0.784 0.768 0.806 0.806 0.784 0.766 0.784 0.808 0.81 0.814 0.788 0.808 0.81 0.816 0.79 0.788 0.802 0.816 0.81 0.794 0.818 0.798 0.792 0.798 0.818 0.8 0.818 
====================grad_scale
0 0.11 0.072 0.11 0.11 0.11 0.11 0.11 0.11 0.11 0.11 0.11 0.11 0.11 0.11 0.11 0.11 0.11 0.11 0.11 0.11 0.204 0.182 0.212 0.266 0.3 0.264 0.32 0.336 0.43 0.412 0.478 0.458 0.558 0.54 0.518 0.578 0.566 0.592 0.584 0.614 0.582 0.594 0.666 0.642 0.602 0.66 0.64 0.624 0.622 0.672 0.662 0.66 0.642 0.674 0.664 0.736 0.696 0.672 0.722 0.738 0.674 0.702 0.706 0.694 0.736 0.69 0.748 0.716 0.712 0.75 0.718 0.764 0.716 0.732 0.756 0.742 0.758 0.744 0.74 0.704 0.726 0.758 0.748 0.782 0.764 0.764 0.788 0.778 0.76 0.746 0.782 0.762 0.768 0.772 0.79 0.774 0.784 0.762 0.782 0.774 0.792 0.792 0.78 0.796 0.768 0.796 0.764 0.802 0.784 0.808 0.774 0.812 0.8 0.802 0.798 0.812 0.798 0.806 0.788 0.798 
====================grad_scale
0 0.094 0.114 0.094 0.094 0.094 0.094 0.094 0.094 0.094 0.094 0.094 0.094 0.094 0.094 0.094 0.094 0.094 0.094 0.094 0.19 0.224 0.226 0.226 0.254 0.266 0.292 0.328 0.414 0.438 0.422 0.472 0.518 0.534 0.518 0.544 0.578 0.588 0.582 0.582 0.576 0.616 0.596 0.632 0.646 0.646 0.642 0.642 0.666 0.644 0.644 0.686 0.69 0.712 0.726 0.736 0.696 0.698 0.726 0.706 0.724 0.714 0.72 0.742 0.716 0.724 0.71 0.73 0.72 0.7 0.71 0.748 0.724 0.766 0.772 0.72 0.75 0.754 0.758 0.748 0.732 0.75 0.736 0.758 0.756 0.766 0.754 0.774 0.762 0.746 0.7 0.746 0.764 0.77 0.77 0.74 0.764 0.774 0.772 0.748 0.772 0.79 0.772 0.778 0.764 0.788 0.75 0.796 0.768 0.794 0.782 0.8 0.774 0.782 0.794 0.796 0.798 0.802 0.778 0.778 0.786 
====================grad_scale
0 0.088 0.09 0.088 0.088 0.088 0.088 0.1 0.1 0.1 0.1 0.1 0.1 0.1 0.1 0.1 0.1 0.1 0.104 0.1 0.142 0.184 0.196 0.218 0.24 0.28 0.244 0.292 0.388 0.412 0.372 0.458 0.544 0.544 0.528 0.564 0.564 0.588 0.576 0.59 0.6 0.598 0.632 0.67 0.68 0.68 0.704 0.7 0.714 0.694 0.682 0.722 0.72 0.734 0.712 0.724 0.724 0.72 0.722 0.726 0.736 0.738 0.724 0.714 0.758 0.734 0.738 0.744 0.766 0.74 0.728 0.76 0.754 0.762 0.746 0.776 0.772 0.764 0.772 0.774 0.778 0.738 0.782 0.784 0.758 0.786 0.776 0.784 0.792 0.78 0.742 0.778 0.792 0.764 0.78 0.78 0.788 0.774 0.806 0.786 0.784 0.796 0.792 0.792 0.788 0.794 0.788 0.806 0.804 0.802 0.804 0.798 0.798 0.804 0.802 0.804 0.794 0.818 0.808 0.782 0.81 
====================grad_scale
0 0.096 0.094 0.094 0.108 0.096 0.096 0.086 0.094 0.094 0.094 0.094 0.094 0.094 0.094 0.094 0.094 0.052 0.154 0.112 0.156 0.178 0.2 0.232 0.232 0.24 0.328 0.342 0.386 0.374 0.426 0.466 0.538 0.584 0.538 0.568 0.6 0.614 0.626 0.584 0.606 0.644 0.648 0.636 0.702 0.676 0.684 0.694 0.682 0.688 0.7 0.71 0.706 0.7 0.718 0.708 0.718 0.72 0.738 0.73 0.73 0.734 0.726 0.736 0.728 0.744 0.72 0.742 0.758 0.744 0.728 0.748 0.746 0.736 0.746 0.744 0.752 0.746 0.754 0.75 0.744 0.718 0.754 0.75 0.75 0.76 0.754 0.748 0.762 0.766 0.734 0.768 0.768 0.762 0.76 0.756 0.764 0.752 0.77 0.756 0.78 0.778 0.784 0.778 0.764 0.778 0.762 0.782 0.782 0.786 0.782 0.79 0.778 0.788 0.8 0.784 0.79 0.798 0.794 0.774 0.79 
====================grad_scale
0 0.102 0.092 0.104 0.108 0.108 0.102 0.104 0.106 0.106 0.094 0.102 0.102 0.102 0.102 0.102 0.102 0.124 0.12 0.102 0.21 0.242 0.242 0.262 0.334 0.332 0.34 0.374 0.386 0.432 0.42 0.512 0.518 0.574 0.588 0.56 0.602 0.624 0.634 0.574 0.642 0.636 0.666 0.676 0.708 0.67 0.694 0.682 0.682 0.682 0.706 0.712 0.7 0.728 0.714 0.73 0.728 0.706 0.732 0.732 0.73 0.732 0.736 0.738 0.73 0.728 0.726 0.744 0.744 0.74 0.732 0.746 0.732 0.754 0.76 0.746 0.752 0.764 0.748 0.734 0.726 0.76 0.748 0.75 0.748 0.756 0.758 0.768 0.75 0.762 0.736 0.762 0.766 0.762 0.77 0.772 0.772 0.778 0.768 0.756 0.768 0.784 0.782 0.786 0.768 0.778 0.77 0.784 0.782 0.788 0.784 0.778 0.798 0.784 0.79 0.792 0.79 0.804 0.788 0.796 0.792 
====================grad_scale
0 0.084 0.12 0.08 0.094 0.094 0.094 0.112 0.112 0.112 0.112 0.112 0.112 0.112 0.112 0.112 0.112 0.112 0.112 0.122 0.114 0.248 0.166 0.216 0.21 0.218 0.302 0.356 0.356 0.396 0.41 0.494 0.522 0.54 0.52 0.604 0.574 0.564 0.618 0.588 0.636 0.618 0.634 0.638 0.676 0.64 0.698 0.668 0.644 0.698 0.642 0.692 0.706 0.704 0.71 0.704 0.724 0.684 0.724 0.71 0.714 0.736 0.732 0.732 0.732 0.746 0.734 0.716 0.768 0.744 0.71 0.758 0.74 0.78 0.754 0.726 0.75 0.752 0.758 0.76 0.738 0.754 0.756 0.792 0.742 0.774 0.766 0.778 0.78 0.776 0.75 0.752 0.778 0.772 0.774 0.76 0.786 0.756 0.766 0.774 0.762 0.794 0.766 0.776 0.786 0.764 0.762 0.778 0.788 0.786 0.784 0.784 0.786 0.794 0.774 0.786 0.792 0.788 0.788 0.776 0.796 
====================grad_scale
0 0.102 0.094 0.102 0.08 0.08 0.102 0.102 0.102 0.102 0.102 0.102 0.102 0.102 0.102 0.102 0.102 0.102 0.102 0.102 0.238 0.18 0.216 0.216 0.284 0.308 0.328 0.348 0.392 0.416 0.454 0.47 0.51 0.562 0.562 0.54 0.56 0.566 0.592 0.576 0.586 0.596 0.6 0.624 0.642 0.632 0.67 0.664 0.626 0.658 0.672 0.66 0.662 0.646 0.658 0.66 0.722 0.678 0.682 0.7 0.734 0.68 0.688 0.68 0.684 0.708 0.674 0.722 0.694 0.69 0.696 0.696 0.744 0.704 0.702 0.744 0.712 0.748 0.686 0.726 0.674 0.686 0.752 0.718 0.732 0.77 0.714 0.736 0.774 0.704 0.706 0.744 0.72 0.762 0.714 0.758 0.734 0.726 0.686 0.776 0.7 0.74 0.764 0.736 0.782 0.716 0.762 0.694 0.782 0.688 0.768 0.744 0.756 0.706 0.734 0.738 0.752 0.718 0.772 0.734 0.748 
====================grad_scale
0 0.106 0.096 0.114 0.114 0.096 0.096 0.096 0.096 0.096 0.096 0.096 0.096 0.096 0.096 0.096 0.096 0.096 0.096 0.094 0.198 0.21 0.21 0.268 0.25 0.248 0.356 0.368 0.348 0.382 0.412 0.488 0.49 0.528 0.554 0.514 0.564 0.556 0.576 0.548 0.564 0.572 0.61 0.618 0.636 0.584 0.63 0.632 0.664 0.592 0.674 0.67 0.634 0.656 0.662 0.652 0.672 0.686 0.668 0.696 0.688 0.676 0.682 0.684 0.696 0.7 0.688 0.702 0.702 0.708 0.7 0.696 0.706 0.692 0.722 0.692 0.71 0.732 0.72 0.718 0.714 0.726 0.718 0.732 0.736 0.728 0.728 0.74 0.734 0.748 0.73 0.738 0.742 0.74 0.748 0.754 0.748 0.754 0.756 0.728 0.756 0.758 0.742 0.764 0.766 0.762 0.756 0.766 0.77 0.756 0.764 0.768 0.772 0.764 0.772 0.774 0.77 0.76 0.774 0.776 0.76 
====================grad_scale
0 0.124 0.09 0.092 0.124 0.124 0.124 0.102 0.102 0.102 0.124 0.124 0.124 0.124 0.124 0.124 0.124 0.124 0.008 0.102 0.226 0.192 0.196 0.226 0.334 0.242 0.324 0.368 0.404 0.398 0.392 0.518 0.526 0.55 0.578 0.556 0.594 0.608 0.608 0.578 0.61 0.654 0.658 0.638 0.666 0.692 0.682 0.674 0.686 0.716 0.708 0.704 0.736 0.71 0.742 0.734 0.746 0.718 0.756 0.732 0.748 0.746 0.76 0.758 0.74 0.762 0.742 0.754 0.762 0.758 0.732 0.768 0.756 0.76 0.764 0.754 0.77 0.77 0.774 0.764 0.758 0.776 0.76 0.762 0.772 0.756 0.784 0.778 0.774 0.776 0.762 0.774 0.776 0.774 0.786 0.774 0.784 0.79 0.784 0.764 0.788 0.792 0.794 0.786 0.778 0.782 0.78 0.796 0.78 0.796 0.788 0.792 0.802 0.798 0.784 0.796 0.796 0.788 0.784 0.802 0.79 
====================grad_scale
0 0.096 0.106 0.106 0.096 0.096 0.106 0.106 0.106 0.106 0.106 0.106 0.106 0.106 0.106 0.106 0.106 0.106 0.106 0.164 0.2 0.204 0.218 0.252 0.26 0.312 0.342 0.316 0.348 0.392 0.398 0.504 0.526 0.562 0.59 0.548 0.608 0.616 0.614 0.544 0.59 0.656 0.63 0.624 0.648 0.672 0.682 0.668 0.67 0.678 0.666 0.678 0.698 0.688 0.676 0.698 0.71 0.678 0.696 0.7 0.704 0.708 0.71 0.698 0.708 0.706 0.71 0.712 0.716 0.71 0.694 0.73 0.722 0.734 0.718 0.706 0.748 0.726 0.722 0.74 0.74 0.712 0.752 0.742 0.724 0.748 0.75 0.748 0.756 0.752 0.724 0.736 0.752 0.754 0.752 0.738 0.754 0.73 0.74 0.75 0.758 0.772 0.758 0.77 0.77 0.774 0.768 0.784 0.756 0.782 0.786 0.78 0.764 0.782 0.772 0.778 0.782 0.786 0.77 0.782 0.762 
====================grad_scale
0 0.116 0.104 0.116 0.104 0.104 0.104 0.104 0.104 0.104 0.104 0.076 0.166 0.232 0.224 0.382 0.404 0.424 0.458 0.46 0.508 0.504 0.548 0.56 0.584 0.576 0.596 0.616 0.602 0.644 0.628 0.658 0.634 0.678 0.648 0.584 0.662 0.66 0.666 0.698 0.634 0.638 0.634 0.666 0.678 0.684 0.686 0.674 0.686 0.68 0.68 0.682 0.696 0.688 0.684 0.684 0.69 0.688 0.688 0.688 0.694 0.69 0.69 0.69 0.69 0.69 0.688 0.692 0.684 0.69 0.696 0.698 0.694 0.692 0.688 0.688 0.696 0.696 0.698 0.712 0.708 0.69 0.696 0.71 0.69 0.688 0.69 0.702 0.722 0.7 0.686 0.704 0.692 0.706 0.706 0.694 0.692 0.7 0.712 0.712 0.698 0.694 0.718 0.704 0.698 0.702 0.692 0.706 0.718 0.71 0.694 0.698 0.698 0.708 0.726 0.654 0.654 0.674 0.73 0.672 0.686 
====================grad_scale
0 0.128 0.128 0.128 0.128 0.128 0.128 0.128 0.128 0.128 0.128 0.128 0.128 0.128 0.206 0.362 0.33 0.454 0.442 0.518 0.524 0.486 0.544 0.538 0.548 0.586 0.598 0.598 0.594 0.612 0.604 0.594 0.606 0.612 0.588 0.604 0.63 0.584 0.634 0.68 0.612 0.634 0.646 0.632 0.626 0.656 0.664 0.658 0.664 0.656 0.662 0.686 0.69 0.676 0.668 0.684 0.688 0.684 0.68 0.684 0.676 0.682 0.68 0.684 0.682 0.686 0.684 0.678 0.684 0.692 0.688 0.688 0.686 0.684 0.686 0.696 0.69 0.682 0.69 0.698 0.698 0.696 0.698 0.702 0.702 0.698 0.696 0.704 0.696 0.698 0.702 0.7 0.706 0.704 0.7 0.704 0.704 0.704 0.706 0.712 0.698 0.704 0.712 0.7 0.708 0.702 0.7 0.706 0.708 0.696 0.7 0.708 0.714 0.712 0.672 0.652 0.64 0.656 0.662 0.668 0.644 
====================grad_scale
0 0.092 0.084 0.084 0.084 0.084 0.084 0.092 0.092 0.084 0.092 0.092 0.102 0.216 0.232 0.364 0.424 0.47 0.518 0.496 0.502 0.504 0.512 0.544 0.522 0.588 0.598 0.588 0.584 0.628 0.57 0.602 0.602 0.636 0.646 0.594 0.634 0.614 0.654 0.676 0.604 0.692 0.69 0.654 0.686 0.692 0.68 0.678 0.688 0.68 0.676 0.708 0.704 0.712 0.7 0.712 0.712 0.704 0.7 0.702 0.7 0.702 0.698 0.698 0.702 0.698 0.712 0.702 0.7 0.69 0.702 0.706 0.694 0.698 0.698 0.694 0.716 0.708 0.7 0.714 0.714 0.706 0.706 0.704 0.69 0.71 0.702 0.704 0.712 0.706 0.708 0.716 0.706 0.7 0.7 0.702 0.718 0.716 0.714 0.716 0.71 0.712 0.712 0.706 0.716 0.706 0.696 0.72 0.732 0.708 0.716 0.706 0.712 0.728 0.686 0.694 0.638 0.7 0.65 0.696 0.702 
====================grad_scale
0 0.08 0.08 0.096 0.096 0.08 0.096 0.096 0.096 0.096 0.078 0.096 0.096 0.16 0.178 0.342 0.414 0.504 0.48 0.51 0.554 0.546 0.58 0.58 0.584 0.604 0.612 0.602 0.624 0.626 0.624 0.632 0.636 0.632 0.636 0.61 0.67 0.646 0.682 0.674 0.62 0.682 0.708 0.694 0.656 0.662 0.698 0.718 0.712 0.696 0.706 0.708 0.71 0.702 0.712 0.712 0.712 0.712 0.714 0.716 0.716 0.714 0.704 0.7 0.702 0.706 0.712 0.718 0.716 0.704 0.702 0.708 0.712 0.72 0.722 0.704 0.71 0.716 0.722 0.716 0.716 0.708 0.722 0.726 0.708 0.714 0.716 0.72 0.718 0.72 0.708 0.716 0.724 0.724 0.726 0.722 0.712 0.716 0.726 0.72 0.71 0.716 0.722 0.714 0.714 0.722 0.716 0.722 0.724 0.718 0.718 0.724 0.728 0.696 0.74 0.638 0.704 0.69 0.714 0.684 0.7 
====================grad_scale
0 0.106 0.106 0.106 0.106 0.106 0.106 0.106 0.106 0.106 0.106 0.106 0.106 0.122 0.2 0.316 0.39 0.462 0.436 0.46 0.484 0.468 0.502 0.522 0.548 0.562 0.568 0.574 0.604 0.614 0.598 0.634 0.588 0.64 0.628 0.5 0.652 0.664 0.664 0.638 0.652 0.656 0.666 0.69 0.7 0.686 0.696 0.698 0.696 0.698 0.692 0.698 0.698 0.698 0.7 0.698 0.696 0.7 0.7 0.7 0.704 0.7 0.694 0.696 0.7 0.7 0.704 0.7 0.69 0.696 0.696 0.686 0.698 0.706 0.7 0.69 0.696 0.708 0.702 0.696 0.706 0.708 0.688 0.702 0.692 0.704 0.688 0.698 0.706 0.714 0.696 0.71 0.716 0.718 0.716 0.69 0.688 0.686 0.71 0.702 0.682 0.704 0.708 0.702 0.696 0.708 0.682 0.7 0.708 0.69 0.702 0.682 0.68 0.684 0.704 0.62 0.66 0.714 0.714 0.698 0.726 
====================grad_scale
0 0.098 0.102 0.102 0.102 0.102 0.102 0.102 0.102 0.106 0.102 0.102 0.144 0.226 0.29 0.336 0.402 0.5 0.46 0.488 0.492 0.61 0.586 0.622 0.652 0.658 0.664 0.696 0.662 0.698 0.658 0.704 0.662 0.722 0.684 0.606 0.72 0.68 0.68 0.7 0.636 0.726 0.7 0.7 0.734 0.744 0.736 0.75 0.738 0.744 0.752 0.744 0.744 0.754 0.752 0.756 0.742 0.746 0.746 0.746 0.75 0.75 0.752 0.762 0.76 0.758 0.754 0.75 0.752 0.772 0.766 0.76 0.764 0.752 0.764 0.756 0.77 0.754 0.764 0.76 0.762 0.772 0.764 0.764 0.754 0.768 0.756 0.768 0.764 0.768 0.764 0.768 0.766 0.764 0.764 0.762 0.756 0.76 0.762 0.756 0.752 0.754 0.766 0.762 0.758 0.764 0.754 0.756 0.766 0.744 0.768 0.752 0.746 0.772 0.75 0.682 0.654 0.734 0.668 0.72 0.726 
====================grad_scale
0 0.096 0.096 0.1 0.096 0.096 0.096 0.1 0.096 0.096 0.096 0.096 0.084 0.152 0.264 0.42 0.408 0.472 0.474 0.518 0.502 0.504 0.558 0.54 0.57 0.588 0.588 0.602 0.63 0.632 0.626 0.64 0.636 0.65 0.606 0.628 0.638 0.632 0.644 0.65 0.644 0.664 0.654 0.668 0.674 0.676 0.666 0.668 0.666 0.664 0.67 0.67 0.674 0.666 0.666 0.67 0.668 0.674 0.68 0.682 0.684 0.682 0.676 0.678 0.676 0.68 0.678 0.674 0.672 0.672 0.674 0.682 0.684 0.684 0.686 0.684 0.682 0.678 0.686 0.692 0.696 0.69 0.69 0.702 0.688 0.682 0.688 0.692 0.694 0.682 0.69 0.69 0.698 0.704 0.702 0.694 0.688 0.698 0.704 0.704 0.698 0.692 0.696 0.696 0.702 0.69 0.694 0.702 0.694 0.7 0.696 0.698 0.71 0.702 0.712 0.66 0.644 0.674 0.69 0.664 0.662 
====================grad_scale
0 0.088 0.088 0.088 0.088 0.104 0.088 0.088 0.088 0.088 0.11 0.088 0.088 0.192 0.216 0.416 0.466 0.512 0.538 0.55 0.554 0.554 0.548 0.596 0.554 0.576 0.584 0.594 0.588 0.628 0.568 0.62 0.566 0.616 0.616 0.506 0.65 0.644 0.654 0.642 0.56 0.622 0.636 0.616 0.616 0.594 0.606 0.614 0.66 0.632 0.612 0.628 0.632 0.638 0.638 0.62 0.62 0.616 0.616 0.62 0.622 0.624 0.62 0.62 0.622 0.618 0.628 0.638 0.624 0.628 0.632 0.608 0.62 0.638 0.626 0.604 0.616 0.644 0.622 0.596 0.606 0.612 0.624 0.608 0.588 0.62 0.596 0.608 0.66 0.618 0.598 0.602 0.6 0.61 0.62 0.602 0.594 0.592 0.614 0.596 0.578 0.602 0.644 0.604 0.606 0.652 0.588 0.604 0.618 0.588 0.616 0.59 0.58 0.596 0.72 0.478 0.656 0.654 0.622 0.636 0.654 
====================grad_scale
0 0.108 0.106 0.108 0.092 0.106 0.108 0.108 0.108 0.108 0.108 0.156 0.184 0.254 0.31 0.412 0.422 0.436 0.47 0.522 0.52 0.528 0.54 0.548 0.568 0.592 0.598 0.608 0.61 0.622 0.614 0.622 0.61 0.636 0.628 0.614 0.672 0.64 0.67 0.676 0.63 0.684 0.686 0.684 0.66 0.654 0.684 0.706 0.702 0.698 0.694 0.694 0.698 0.692 0.696 0.696 0.7 0.708 0.71 0.71 0.71 0.71 0.712 0.708 0.716 0.718 0.724 0.73 0.726 0.718 0.704 0.704 0.71 0.72 0.716 0.696 0.71 0.722 0.714 0.726 0.712 0.718 0.712 0.718 0.714 0.732 0.726 0.712 0.714 0.728 0.728 0.718 0.728 0.728 0.724 0.72 0.718 0.726 0.736 0.734 0.732 0.736 0.724 0.712 0.724 0.726 0.718 0.736 0.732 0.72 0.718 0.728 0.738 0.714 0.732 0.662 0.654 0.684 0.688 0.674 0.688 
====================grad_scale
0 0.102 0.102 0.082 0.102 0.102 0.102 0.082 0.102 0.102 0.102 0.102 0.102 0.174 0.208 0.352 0.404 0.42 0.458 0.458 0.504 0.57 0.55 0.546 0.584 0.56 0.604 0.604 0.578 0.622 0.554 0.624 0.524 0.602 0.644 0.478 0.65 0.674 0.688 0.648 0.594 0.608 0.59 0.606 0.65 0.646 0.624 0.606 0.64 0.638 0.632 0.64 0.632 0.634 0.644 0.636 0.616 0.618 0.62 0.628 0.632 0.63 0.624 0.624 0.626 0.63 0.638 0.646 0.64 0.634 0.64 0.62 0.626 0.642 0.636 0.612 0.644 0.656 0.638 0.604 0.618 0.638 0.638 0.636 0.602 0.65 0.6 0.614 0.658 0.634 0.6 0.618 0.616 0.634 0.638 0.612 0.598 0.596 0.61 0.608 0.596 0.61 0.654 0.602 0.606 0.672 0.59 0.602 0.638 0.592 0.636 0.594 0.59 0.632 0.724 0.532 0.626 0.678 0.702 0.646 0.69 
====================label_inverse
0 0.074 0.072 0.106 0.102 0.102 0.116 0.116 0.106 0.102 0.102 0.116 0.116 0.116 0.116 0.116 0.212 0.22 0.252 0.236 0.278 0.344 0.308 0.31 0.348 0.31 0.456 0.432 0.552 0.528 0.564 0.6 0.556 0.522 0.536 0.612 0.592 0.624 0.658 0.664 0.674 0.578 0.622 0.672 0.698 0.672 0.716 0.68 0.708 0.682 0.704 0.698 0.688 0.676 0.722 0.67 0.71 0.744 0.748 0.728 0.716 0.7 0.718 0.752 0.73 0.656 0.696 0.702 0.75 0.742 0.726 0.71 0.69 0.668 0.674 0.708 0.716 0.722 0.73 0.742 0.73 0.664 0.696 0.758 0.718 0.754 0.756 0.802 0.762 0.756 0.77 0.734 0.764 0.76 0.79 0.77 0.782 0.75 0.766 0.78 0.758 0.77 0.756 0.76 0.786 0.796 0.77 0.804 0.782 0.76 0.758 0.798 0.786 0.766 0.746 0.748 0.8 0.802 0.798 0.808 0.776 
====================label_inverse
0 0.1 0.106 0.096 0.116 0.094 0.094 0.094 0.1 0.116 0.094 0.094 0.128 0.166 0.2 0.202 0.206 0.21 0.234 0.26 0.282 0.288 0.28 0.314 0.33 0.298 0.394 0.424 0.492 0.478 0.534 0.552 0.586 0.578 0.616 0.568 0.616 0.624 0.634 0.632 0.642 0.646 0.642 0.646 0.682 0.678 0.688 0.686 0.672 0.674 0.654 0.704 0.696 0.714 0.728 0.728 0.706 0.716 0.706 0.734 0.712 0.728 0.75 0.734 0.74 0.718 0.718 0.744 0.708 0.73 0.742 0.688 0.738 0.75 0.742 0.738 0.754 0.754 0.746 0.76 0.776 0.756 0.772 0.768 0.752 0.74 0.762 0.754 0.76 0.752 0.77 0.726 0.77 0.76 0.75 0.78 0.77 0.76 0.778 0.76 0.762 0.794 0.746 0.772 0.796 0.786 0.78 0.784 0.798 0.8 0.79 0.792 0.776 0.786 0.774 0.806 0.784 0.802 0.796 0.778 0.782 
====================label_inverse
0 0.118 0.084 0.118 0.118 0.118 0.118 0.118 0.118 0.118 0.118 0.084 0.084 0.118 0.148 0.084 0.086 0.184 0.23 0.236 0.25 0.312 0.31 0.306 0.356 0.372 0.45 0.428 0.51 0.54 0.504 0.536 0.532 0.488 0.522 0.57 0.534 0.566 0.56 0.57 0.648 0.566 0.554 0.678 0.634 0.638 0.692 0.652 0.652 0.678 0.66 0.67 0.688 0.662 0.702 0.678 0.7 0.718 0.734 0.722 0.716 0.688 0.692 0.698 0.724 0.682 0.72 0.7 0.702 0.714 0.72 0.71 0.688 0.656 0.68 0.68 0.724 0.708 0.728 0.716 0.722 0.688 0.702 0.734 0.72 0.736 0.742 0.758 0.742 0.722 0.748 0.738 0.75 0.754 0.74 0.754 0.742 0.75 0.748 0.75 0.766 0.752 0.752 0.762 0.77 0.774 0.766 0.762 0.77 0.752 0.756 0.762 0.768 0.774 0.76 0.752 0.764 0.758 0.768 0.766 0.79 
====================label_inverse
0 0.102 0.09 0.09 0.124 0.124 0.124 0.124 0.124 0.124 0.124 0.09 0.09 0.09 0.124 0.124 0.218 0.222 0.192 0.2 0.222 0.268 0.27 0.266 0.264 0.264 0.412 0.518 0.534 0.504 0.532 0.542 0.54 0.564 0.584 0.594 0.61 0.624 0.62 0.61 0.632 0.656 0.648 0.654 0.672 0.69 0.682 0.698 0.694 0.704 0.69 0.72 0.71 0.734 0.728 0.73 0.73 0.706 0.742 0.73 0.746 0.734 0.742 0.75 0.732 0.73 0.722 0.732 0.76 0.758 0.742 0.73 0.74 0.76 0.75 0.76 0.774 0.758 0.782 0.766 0.78 0.742 0.776 0.78 0.758 0.748 0.782 0.776 0.796 0.78 0.778 0.774 0.786 0.78 0.784 0.782 0.784 0.762 0.784 0.796 0.768 0.792 0.766 0.786 0.784 0.794 0.792 0.794 0.778 0.792 0.79 0.806 0.8 0.782 0.788 0.782 0.796 0.808 0.798 0.79 0.786 
====================label_inverse
0 0.088 0.106 0.106 0.088 0.106 0.106 0.106 0.106 0.106 0.106 0.106 0.106 0.106 0.106 0.106 0.196 0.206 0.216 0.216 0.252 0.282 0.284 0.278 0.3 0.278 0.424 0.388 0.502 0.464 0.53 0.534 0.514 0.466 0.502 0.544 0.552 0.57 0.606 0.596 0.596 0.532 0.5 0.614 0.642 0.596 0.644 0.624 0.634 0.622 0.644 0.606 0.62 0.59 0.638 0.592 0.67 0.662 0.686 0.666 0.65 0.644 0.68 0.684 0.684 0.606 0.664 0.662 0.692 0.692 0.67 0.67 0.628 0.61 0.62 0.672 0.662 0.676 0.688 0.7 0.686 0.616 0.644 0.708 0.682 0.7 0.708 0.742 0.716 0.724 0.698 0.71 0.734 0.714 0.744 0.706 0.726 0.694 0.714 0.734 0.732 0.7 0.716 0.726 0.722 0.746 0.738 0.738 0.74 0.72 0.714 0.752 0.74 0.726 0.728 0.682 0.746 0.742 0.766 0.776 0.73 
====================label_inverse
0 0.102 0.102 0.108 0.108 0.094 0.108 0.108 0.108 0.108 0.094 0.094 0.094 0.108 0.108 0.132 0.162 0.244 0.246 0.244 0.284 0.29 0.288 0.31 0.284 0.312 0.444 0.444 0.464 0.458 0.45 0.504 0.53 0.57 0.564 0.572 0.608 0.644 0.632 0.634 0.688 0.676 0.65 0.682 0.71 0.692 0.708 0.704 0.69 0.692 0.686 0.7 0.702 0.714 0.71 0.72 0.726 0.704 0.716 0.718 0.734 0.74 0.74 0.728 0.75 0.692 0.738 0.724 0.75 0.746 0.742 0.748 0.736 0.746 0.73 0.734 0.748 0.738 0.754 0.752 0.752 0.754 0.754 0.75 0.768 0.746 0.754 0.744 0.76 0.766 0.762 0.746 0.76 0.768 0.756 0.758 0.76 0.758 0.76 0.762 0.764 0.76 0.77 0.766 0.76 0.77 0.772 0.77 0.774 0.77 0.776 0.768 0.774 0.772 0.774 0.772 0.772 0.76 0.766 0.778 0.776 
====================label_inverse
0 0.102 0.102 0.102 0.102 0.102 0.102 0.108 0.102 0.102 0.102 0.102 0.102 0.102 0.102 0.102 0.198 0.18 0.192 0.184 0.206 0.216 0.244 0.254 0.282 0.28 0.316 0.378 0.49 0.498 0.522 0.524 0.552 0.564 0.546 0.592 0.58 0.62 0.61 0.614 0.636 0.65 0.674 0.662 0.642 0.65 0.656 0.64 0.66 0.686 0.688 0.654 0.702 0.658 0.662 0.67 0.654 0.654 0.656 0.71 0.668 0.678 0.678 0.674 0.69 0.692 0.73 0.71 0.664 0.696 0.712 0.696 0.712 0.72 0.736 0.708 0.74 0.74 0.732 0.748 0.74 0.762 0.738 0.71 0.752 0.742 0.752 0.738 0.716 0.724 0.754 0.736 0.752 0.732 0.734 0.736 0.736 0.768 0.776 0.75 0.738 0.736 0.762 0.782 0.754 0.78 0.768 0.774 0.774 0.774 0.774 0.772 0.762 0.784 0.78 0.786 0.782 0.76 0.762 0.786 0.788 
====================label_inverse
0 0.118 0.12 0.104 0.104 0.112 0.104 0.104 0.104 0.12 0.12 0.12 0.12 0.106 0.12 0.14 0.192 0.248 0.29 0.29 0.348 0.296 0.284 0.316 0.398 0.392 0.466 0.5 0.554 0.508 0.54 0.554 0.592 0.604 0.624 0.63 0.634 0.662 0.656 0.64 0.666 0.658 0.684 0.672 0.708 0.708 0.712 0.734 0.696 0.704 0.716 0.736 0.72 0.744 0.744 0.748 0.74 0.746 0.768 0.736 0.752 0.756 0.748 0.758 0.75 0.746 0.736 0.75 0.754 0.754 0.756 0.734 0.742 0.744 0.736 0.758 0.742 0.736 0.746 0.74 0.748 0.726 0.738 0.754 0.736 0.738 0.752 0.762 0.76 0.764 0.748 0.758 0.752 0.76 0.76 0.752 0.766 0.736 0.748 0.756 0.754 0.756 0.752 0.758 0.752 0.758 0.772 0.766 0.764 0.762 0.76 0.78 0.764 0.764 0.762 0.76 0.764 0.778 0.776 0.77 0.764 
====================label_inverse
0 0.094 0.114 0.114 0.094 0.114 0.114 0.114 0.114 0.114 0.114 0.114 0.114 0.114 0.114 0.114 0.128 0.166 0.234 0.216 0.246 0.254 0.266 0.268 0.364 0.37 0.44 0.362 0.472 0.496 0.508 0.548 0.588 0.562 0.58 0.528 0.606 0.642 0.596 0.602 0.658 0.64 0.652 0.656 0.674 0.662 0.654 0.678 0.638 0.662 0.69 0.704 0.656 0.702 0.698 0.69 0.694 0.694 0.722 0.702 0.712 0.728 0.722 0.724 0.73 0.704 0.716 0.718 0.72 0.72 0.726 0.72 0.72 0.714 0.706 0.738 0.73 0.722 0.738 0.742 0.726 0.702 0.722 0.72 0.712 0.738 0.746 0.738 0.744 0.746 0.744 0.738 0.752 0.752 0.748 0.742 0.762 0.742 0.76 0.758 0.758 0.764 0.728 0.764 0.754 0.754 0.764 0.766 0.766 0.78 0.774 0.78 0.746 0.76 0.76 0.774 0.776 0.794 0.774 0.772 0.756 
====================label_inverse
0 0.094 0.094 0.1 0.1 0.1 0.104 0.1 0.1 0.072 0.114 0.124 0.072 0.072 0.172 0.196 0.174 0.162 0.172 0.188 0.25 0.282 0.246 0.264 0.298 0.338 0.386 0.448 0.54 0.486 0.53 0.574 0.604 0.57 0.598 0.636 0.6 0.628 0.606 0.594 0.638 0.632 0.628 0.634 0.632 0.664 0.654 0.658 0.66 0.662 0.696 0.714 0.704 0.704 0.7 0.736 0.73 0.702 0.72 0.71 0.74 0.728 0.728 0.738 0.742 0.708 0.746 0.728 0.748 0.746 0.752 0.752 0.752 0.754 0.75 0.764 0.76 0.768 0.754 0.758 0.77 0.774 0.766 0.756 0.758 0.76 0.774 0.774 0.774 0.786 0.762 0.758 0.77 0.772 0.77 0.78 0.77 0.768 0.776 0.79 0.774 0.784 0.766 0.77 0.786 0.768 0.782 0.784 0.766 0.786 0.774 0.78 0.782 0.776 0.782 0.788 0.774 0.786 0.784 0.784 0.78 
====================label_inverse
0 0.098 0.098 0.098 0.098 0.098 0.098 0.104 0.12 0.236 0.284 0.284 0.288 0.338 0.352 0.406 0.422 0.418 0.458 0.478 0.534 0.584 0.616 0.608 0.612 0.626 0.62 0.674 0.632 0.694 0.67 0.692 0.694 0.682 0.708 0.7 0.71 0.708 0.718 0.722 0.738 0.732 0.736 0.758 0.756 0.74 0.768 0.758 0.764 0.774 0.76 0.764 0.764 0.764 0.782 0.772 0.784 0.764 0.782 0.8 0.794 0.792 0.798 0.798 0.794 0.826 0.782 0.766 0.788 0.804 0.8 0.8 0.798 0.802 0.814 0.82 0.816 0.824 0.82 0.782 0.778 0.822 0.808 0.83 0.8 0.8 0.808 0.822 0.802 0.812 0.838 0.834 0.806 0.804 0.83 0.808 0.79 0.81 0.82 0.832 0.818 0.808 0.824 0.83 0.814 0.846 0.82 0.822 0.794 0.806 0.812 0.818 0.818 0.808 0.806 0.816 0.834 0.846 0.836 0.842 0.818 
====================label_inverse
0 0.096 0.096 0.094 0.096 0.096 0.094 0.052 0.122 0.212 0.238 0.246 0.262 0.332 0.354 0.394 0.456 0.428 0.488 0.548 0.546 0.558 0.58 0.602 0.59 0.628 0.68 0.64 0.686 0.642 0.716 0.69 0.71 0.722 0.7 0.72 0.742 0.704 0.738 0.724 0.726 0.736 0.738 0.736 0.748 0.734 0.738 0.746 0.738 0.744 0.752 0.756 0.744 0.748 0.756 0.75 0.742 0.754 0.748 0.742 0.76 0.766 0.76 0.77 0.776 0.756 0.766 0.776 0.772 0.764 0.772 0.78 0.778 0.778 0.756 0.766 0.768 0.758 0.762 0.78 0.784 0.788 0.792 0.768 0.782 0.802 0.796 0.772 0.782 0.784 0.794 0.774 0.778 0.78 0.784 0.78 0.786 0.782 0.792 0.808 0.79 0.812 0.792 0.792 0.794 0.798 0.804 0.796 0.808 0.806 0.782 0.814 0.808 0.816 0.806 0.826 0.8 0.816 0.806 0.812 0.814 
====================label_inverse
0 0.094 0.088 0.094 0.094 0.076 0.094 0.094 0.184 0.198 0.208 0.21 0.268 0.28 0.34 0.354 0.394 0.43 0.414 0.464 0.556 0.566 0.53 0.606 0.574 0.62 0.586 0.622 0.606 0.648 0.616 0.654 0.674 0.668 0.676 0.686 0.692 0.698 0.686 0.692 0.704 0.7 0.702 0.694 0.706 0.714 0.702 0.716 0.722 0.732 0.722 0.718 0.724 0.736 0.726 0.732 0.75 0.732 0.738 0.742 0.738 0.746 0.748 0.758 0.744 0.742 0.742 0.724 0.758 0.764 0.756 0.77 0.762 0.774 0.78 0.776 0.776 0.778 0.78 0.774 0.762 0.776 0.774 0.778 0.766 0.768 0.772 0.782 0.792 0.78 0.786 0.78 0.772 0.772 0.788 0.784 0.774 0.806 0.79 0.794 0.802 0.794 0.788 0.796 0.798 0.794 0.81 0.804 0.804 0.788 0.804 0.798 0.808 0.8 0.798 0.804 0.804 0.802 0.814 0.802 0.806 
====================label_inverse
0 0.116 0.104 0.09 0.09 0.128 0.174 0.146 0.176 0.26 0.256 0.276 0.292 0.334 0.384 0.4 0.506 0.454 0.552 0.588 0.574 0.604 0.62 0.62 0.63 0.638 0.658 0.638 0.634 0.634 0.672 0.692 0.684 0.69 0.706 0.686 0.704 0.694 0.706 0.72 0.706 0.714 0.73 0.74 0.738 0.74 0.762 0.748 0.746 0.748 0.76 0.768 0.758 0.762 0.768 0.756 0.768 0.764 0.786 0.774 0.776 0.774 0.778 0.776 0.782 0.788 0.76 0.786 0.786 0.786 0.758 0.788 0.79 0.782 0.782 0.78 0.786 0.776 0.79 0.772 0.766 0.804 0.784 0.806 0.796 0.804 0.81 0.798 0.814 0.788 0.792 0.8 0.796 0.782 0.82 0.802 0.794 0.812 0.802 0.81 0.798 0.814 0.814 0.816 0.81 0.81 0.792 0.814 0.784 0.808 0.81 0.806 0.812 0.812 0.814 0.83 0.804 0.814 0.81 0.81 0.794 
====================label_inverse
0 0.096 0.088 0.116 0.1 0.1 0.302 0.228 0.19 0.274 0.262 0.296 0.286 0.366 0.368 0.428 0.416 0.42 0.448 0.53 0.55 0.564 0.57 0.56 0.622 0.584 0.63 0.664 0.652 0.676 0.666 0.66 0.7 0.704 0.736 0.712 0.712 0.722 0.722 0.734 0.742 0.738 0.732 0.74 0.74 0.754 0.75 0.752 0.762 0.75 0.762 0.758 0.754 0.762 0.76 0.768 0.77 0.76 0.772 0.776 0.778 0.778 0.766 0.784 0.784 0.784 0.758 0.79 0.78 0.8 0.78 0.794 0.794 0.8 0.788 0.796 0.786 0.806 0.794 0.79 0.786 0.792 0.802 0.804 0.8 0.808 0.816 0.8 0.802 0.802 0.814 0.81 0.8 0.802 0.816 0.814 0.81 0.818 0.81 0.82 0.82 0.826 0.818 0.816 0.82 0.826 0.822 0.822 0.818 0.818 0.818 0.83 0.828 0.826 0.834 0.828 0.82 0.83 0.83 0.83 0.822 
====================label_inverse
0 0.096 0.098 0.096 0.096 0.096 0.096 0.096 0.182 0.188 0.218 0.254 0.266 0.28 0.338 0.432 0.416 0.454 0.53 0.544 0.574 0.58 0.594 0.596 0.634 0.638 0.632 0.658 0.644 0.664 0.666 0.688 0.692 0.694 0.706 0.7 0.702 0.704 0.708 0.716 0.72 0.726 0.72 0.722 0.734 0.726 0.726 0.74 0.73 0.746 0.734 0.742 0.746 0.746 0.75 0.748 0.75 0.74 0.762 0.758 0.774 0.75 0.762 0.758 0.778 0.77 0.756 0.772 0.756 0.79 0.756 0.782 0.792 0.774 0.798 0.786 0.784 0.792 0.782 0.79 0.798 0.802 0.794 0.802 0.796 0.794 0.816 0.812 0.832 0.82 0.788 0.788 0.81 0.816 0.806 0.812 0.792 0.82 0.812 0.818 0.81 0.834 0.832 0.822 0.826 0.816 0.826 0.818 0.82 0.832 0.816 0.83 0.844 0.83 0.832 0.838 0.838 0.83 0.828 0.838 0.83 
====================label_inverse
0 0.104 0.1 0.094 0.094 0.114 0.114 0.164 0.184 0.222 0.242 0.26 0.296 0.312 0.362 0.374 0.394 0.404 0.446 0.496 0.566 0.598 0.578 0.602 0.63 0.644 0.644 0.652 0.652 0.652 0.674 0.674 0.706 0.69 0.682 0.716 0.696 0.728 0.722 0.738 0.726 0.738 0.752 0.754 0.744 0.766 0.742 0.752 0.74 0.74 0.768 0.754 0.768 0.758 0.754 0.762 0.752 0.78 0.766 0.76 0.746 0.768 0.768 0.772 0.76 0.752 0.776 0.768 0.762 0.762 0.786 0.774 0.782 0.77 0.774 0.782 0.782 0.768 0.768 0.798 0.802 0.78 0.786 0.748 0.786 0.77 0.776 0.768 0.766 0.786 0.766 0.732 0.798 0.808 0.764 0.766 0.802 0.762 0.78 0.76 0.756 0.788 0.786 0.79 0.802 0.77 0.782 0.75 0.822 0.814 0.786 0.788 0.8 0.798 0.788 0.796 0.808 0.766 0.776 0.794 0.836 
====================label_inverse
0 0.09 0.082 0.088 0.088 0.082 0.09 0.09 0.2 0.178 0.2 0.274 0.35 0.338 0.388 0.438 0.41 0.412 0.498 0.51 0.552 0.622 0.614 0.636 0.656 0.652 0.654 0.698 0.656 0.696 0.672 0.716 0.726 0.706 0.728 0.716 0.706 0.74 0.718 0.738 0.752 0.746 0.738 0.74 0.742 0.746 0.758 0.752 0.756 0.758 0.756 0.746 0.746 0.754 0.762 0.752 0.762 0.752 0.762 0.762 0.78 0.776 0.778 0.778 0.776 0.764 0.79 0.778 0.772 0.79 0.77 0.788 0.792 0.792 0.776 0.782 0.782 0.782 0.786 0.782 0.782 0.788 0.796 0.788 0.792 0.8 0.8 0.792 0.794 0.794 0.79 0.798 0.786 0.788 0.808 0.804 0.794 0.796 0.802 0.8 0.796 0.82 0.808 0.782 0.794 0.79 0.808 0.804 0.808 0.816 0.808 0.818 0.828 0.816 0.834 0.834 0.79 0.82 0.786 0.79 0.802 
====================label_inverse
0 0.104 0.118 0.118 0.104 0.104 0.104 0.104 0.122 0.258 0.224 0.284 0.312 0.286 0.38 0.494 0.492 0.596 0.556 0.608 0.61 0.618 0.644 0.638 0.66 0.644 0.658 0.696 0.668 0.706 0.678 0.718 0.726 0.712 0.726 0.738 0.728 0.73 0.748 0.744 0.754 0.75 0.756 0.746 0.752 0.75 0.746 0.76 0.748 0.762 0.754 0.76 0.754 0.768 0.766 0.782 0.764 0.766 0.766 0.774 0.774 0.774 0.762 0.778 0.778 0.766 0.78 0.78 0.79 0.772 0.782 0.782 0.784 0.794 0.794 0.776 0.788 0.782 0.794 0.794 0.788 0.79 0.788 0.778 0.792 0.784 0.792 0.786 0.79 0.79 0.798 0.756 0.796 0.794 0.794 0.792 0.784 0.798 0.79 0.788 0.798 0.798 0.794 0.79 0.794 0.782 0.786 0.794 0.8 0.802 0.784 0.808 0.814 0.812 0.814 0.81 0.798 0.8 0.79 0.794 0.798 
====================label_inverse
0 0.108 0.094 0.084 0.094 0.094 0.094 0.108 0.108 0.232 0.22 0.224 0.33 0.328 0.34 0.466 0.482 0.478 0.514 0.596 0.598 0.594 0.612 0.614 0.64 0.62 0.644 0.672 0.654 0.668 0.664 0.656 0.664 0.718 0.708 0.702 0.7 0.706 0.732 0.738 0.732 0.726 0.74 0.742 0.72 0.75 0.718 0.724 0.71 0.68 0.738 0.722 0.742 0.73 0.714 0.718 0.74 0.762 0.738 0.74 0.714 0.718 0.718 0.732 0.72 0.732 0.732 0.71 0.718 0.746 0.746 0.726 0.734 0.736 0.754 0.778 0.776 0.766 0.77 0.782 0.75 0.76 0.746 0.738 0.742 0.728 0.728 0.748 0.754 0.754 0.768 0.746 0.778 0.75 0.758 0.718 0.752 0.76 0.774 0.78 0.704 0.736 0.778 0.782 0.798 0.764 0.762 0.722 0.764 0.754 0.71 0.726 0.754 0.724 0.71 0.754 0.8 0.776 0.76 0.788 0.794 
====================label_inverse
0 0.116 0.1 0.116 0.116 0.116 0.09 0.162 0.2 0.258 0.346 0.38 0.364 0.45 0.424 0.43 0.522 0.49 0.368 0.442 0.426 0.31 0.484 0.446 0.552 0.51 0.494 0.514 0.562 0.578 0.61 0.61 0.578 0.582 0.572 0.598 0.578 0.522 0.47 0.534 0.234 0.554 0.532 0.49 0.432 0.482 0.424 0.41 0.368 0.452 0.52 0.532 0.54 0.534 0.536 0.528 0.534 0.516 0.488 0.568 0.548 0.546 0.44 0.532 0.434 0.512 0.384 0.38 0.374 0.4 0.434 0.516 0.418 0.412 0.328 0.494 0.398 0.422 0.548 0.484 0.484 0.486 0.53 0.566 0.524 0.57 0.504 0.586 0.566 0.55 0.588 0.556 0.522 0.594 0.59 0.622 0.632 0.614 0.646 0.598 0.472 0.59 0.554 0.588 0.618 0.65 0.658 0.658 0.678 0.686 0.708 0.696 0.702 0.714 0.7 0.708 0.704 0.718 0.716 0.722 0.728 
====================label_inverse
0 0.114 0.114 0.114 0.096 0.114 0.114 0.196 0.204 0.258 0.264 0.302 0.37 0.376 0.398 0.462 0.48 0.51 0.358 0.4 0.446 0.302 0.452 0.434 0.512 0.476 0.456 0.478 0.506 0.546 0.564 0.574 0.554 0.548 0.528 0.538 0.518 0.504 0.452 0.504 0.272 0.482 0.468 0.468 0.444 0.436 0.418 0.42 0.4 0.426 0.516 0.506 0.51 0.506 0.476 0.482 0.49 0.48 0.458 0.522 0.556 0.52 0.404 0.502 0.47 0.444 0.348 0.422 0.342 0.366 0.458 0.518 0.418 0.374 0.33 0.434 0.386 0.398 0.488 0.51 0.492 0.558 0.558 0.558 0.562 0.554 0.494 0.568 0.536 0.554 0.544 0.568 0.528 0.586 0.59 0.592 0.586 0.586 0.606 0.586 0.448 0.556 0.584 0.566 0.612 0.62 0.642 0.654 0.654 0.666 0.672 0.668 0.652 0.67 0.668 0.69 0.662 0.67 0.678 0.68 0.668 
====================label_inverse
0 0.096 0.118 0.118 0.168 0.136 0.138 0.206 0.264 0.246 0.306 0.33 0.42 0.476 0.434 0.452 0.482 0.568 0.334 0.46 0.402 0.28 0.502 0.448 0.574 0.562 0.562 0.588 0.552 0.538 0.536 0.524 0.546 0.546 0.542 0.542 0.566 0.568 0.548 0.514 0.162 0.574 0.574 0.448 0.376 0.366 0.41 0.394 0.384 0.476 0.59 0.574 0.586 0.582 0.564 0.564 0.58 0.6 0.58 0.558 0.546 0.57 0.49 0.556 0.51 0.464 0.316 0.344 0.424 0.42 0.404 0.472 0.418 0.474 0.346 0.426 0.446 0.434 0.532 0.542 0.534 0.576 0.55 0.542 0.566 0.57 0.496 0.532 0.568 0.574 0.588 0.55 0.548 0.556 0.564 0.606 0.616 0.584 0.606 0.624 0.512 0.546 0.612 0.57 0.618 0.622 0.612 0.646 0.694 0.666 0.694 0.69 0.698 0.702 0.728 0.716 0.7 0.712 0.694 0.702 0.71 
====================label_inverse
0 0.09 0.09 0.088 0.088 0.088 0.088 0.088 0.176 0.2 0.232 0.33 0.372 0.426 0.454 0.492 0.494 0.534 0.364 0.422 0.488 0.268 0.458 0.486 0.498 0.53 0.504 0.534 0.51 0.526 0.518 0.516 0.502 0.53 0.522 0.53 0.52 0.518 0.494 0.504 0.356 0.5 0.444 0.442 0.398 0.414 0.422 0.456 0.424 0.524 0.496 0.492 0.52 0.496 0.536 0.528 0.476 0.504 0.444 0.572 0.57 0.592 0.494 0.58 0.498 0.55 0.4 0.41 0.408 0.392 0.51 0.53 0.444 0.432 0.322 0.472 0.418 0.436 0.556 0.578 0.576 0.514 0.584 0.578 0.516 0.594 0.494 0.594 0.572 0.502 0.56 0.588 0.574 0.596 0.6 0.614 0.65 0.62 0.644 0.63 0.506 0.63 0.588 0.626 0.654 0.652 0.628 0.668 0.708 0.706 0.72 0.694 0.708 0.716 0.726 0.724 0.714 0.706 0.704 0.736 0.726 
====================label_inverse
0 0.118 0.118 0.118 0.118 0.118 0.118 0.152 0.19 0.2 0.23 0.288 0.45 0.428 0.418 0.414 0.56 0.494 0.346 0.384 0.452 0.3 0.484 0.462 0.562 0.578 0.532 0.552 0.586 0.6 0.588 0.556 0.572 0.562 0.548 0.568 0.58 0.532 0.518 0.468 0.28 0.566 0.424 0.482 0.414 0.464 0.428 0.428 0.394 0.42 0.414 0.442 0.508 0.458 0.462 0.566 0.54 0.422 0.378 0.486 0.514 0.514 0.456 0.558 0.46 0.472 0.358 0.408 0.428 0.432 0.406 0.53 0.422 0.424 0.336 0.448 0.428 0.42 0.538 0.582 0.548 0.588 0.582 0.562 0.574 0.59 0.512 0.54 0.582 0.558 0.57 0.552 0.588 0.604 0.62 0.624 0.64 0.642 0.634 0.602 0.458 0.594 0.6 0.604 0.66 0.658 0.664 0.678 0.688 0.692 0.692 0.702 0.71 0.708 0.702 0.716 0.704 0.706 0.706 0.72 0.706 
====================label_inverse
0 0.116 0.11 0.11 0.11 0.11 0.11 0.172 0.188 0.206 0.218 0.262 0.356 0.416 0.486 0.49 0.5 0.512 0.446 0.388 0.522 0.322 0.528 0.474 0.536 0.544 0.544 0.534 0.538 0.488 0.518 0.51 0.52 0.534 0.54 0.564 0.566 0.56 0.524 0.568 0.314 0.534 0.532 0.572 0.44 0.46 0.464 0.512 0.44 0.614 0.596 0.58 0.594 0.594 0.594 0.578 0.598 0.568 0.55 0.572 0.562 0.576 0.516 0.552 0.49 0.49 0.384 0.358 0.412 0.41 0.488 0.524 0.404 0.44 0.342 0.502 0.406 0.43 0.558 0.554 0.554 0.576 0.57 0.558 0.58 0.574 0.502 0.584 0.558 0.546 0.574 0.592 0.528 0.584 0.602 0.592 0.598 0.614 0.622 0.624 0.528 0.592 0.56 0.6 0.628 0.63 0.636 0.65 0.674 0.682 0.688 0.696 0.714 0.71 0.732 0.734 0.734 0.728 0.734 0.73 0.742 
====================label_inverse
0 0.114 0.114 0.072 0.094 0.116 0.166 0.164 0.23 0.244 0.39 0.426 0.43 0.438 0.504 0.47 0.52 0.536 0.418 0.468 0.476 0.256 0.566 0.552 0.518 0.524 0.514 0.56 0.568 0.582 0.578 0.576 0.574 0.564 0.54 0.562 0.556 0.516 0.478 0.498 0.32 0.538 0.542 0.57 0.434 0.464 0.446 0.442 0.416 0.538 0.494 0.54 0.534 0.508 0.502 0.524 0.518 0.548 0.506 0.57 0.582 0.57 0.546 0.552 0.524 0.504 0.382 0.382 0.378 0.394 0.46 0.532 0.482 0.368 0.37 0.49 0.412 0.412 0.536 0.524 0.542 0.548 0.554 0.552 0.56 0.55 0.518 0.552 0.542 0.56 0.57 0.59 0.538 0.578 0.59 0.582 0.592 0.614 0.6 0.614 0.502 0.542 0.59 0.586 0.61 0.614 0.646 0.632 0.64 0.654 0.668 0.694 0.674 0.698 0.702 0.682 0.7 0.698 0.712 0.716 0.722 
====================label_inverse
0 0.108 0.108 0.108 0.108 0.108 0.108 0.108 0.236 0.178 0.224 0.318 0.404 0.422 0.484 0.466 0.512 0.52 0.47 0.426 0.526 0.336 0.56 0.512 0.516 0.564 0.564 0.564 0.562 0.558 0.568 0.538 0.58 0.57 0.57 0.59 0.574 0.574 0.532 0.532 0.294 0.568 0.53 0.504 0.384 0.404 0.422 0.41 0.336 0.516 0.526 0.554 0.54 0.522 0.498 0.492 0.486 0.488 0.46 0.494 0.488 0.5 0.468 0.502 0.458 0.46 0.37 0.394 0.43 0.436 0.422 0.478 0.448 0.424 0.322 0.454 0.434 0.418 0.516 0.518 0.51 0.55 0.546 0.526 0.538 0.524 0.528 0.516 0.536 0.538 0.578 0.554 0.536 0.562 0.558 0.588 0.594 0.562 0.596 0.6 0.48 0.56 0.598 0.544 0.608 0.582 0.586 0.63 0.636 0.676 0.664 0.684 0.672 0.684 0.712 0.698 0.69 0.704 0.706 0.714 0.706 
====================label_inverse
0 0.106 0.106 0.106 0.1 0.172 0.106 0.222 0.266 0.268 0.286 0.32 0.416 0.432 0.48 0.464 0.486 0.498 0.47 0.354 0.5 0.334 0.53 0.498 0.504 0.52 0.518 0.506 0.508 0.508 0.516 0.5 0.502 0.532 0.518 0.552 0.546 0.526 0.502 0.566 0.37 0.526 0.508 0.518 0.444 0.47 0.514 0.448 0.406 0.456 0.56 0.552 0.568 0.544 0.514 0.51 0.524 0.512 0.458 0.552 0.532 0.556 0.496 0.528 0.44 0.466 0.354 0.364 0.394 0.406 0.422 0.5 0.422 0.45 0.334 0.488 0.4 0.414 0.518 0.53 0.516 0.528 0.522 0.524 0.546 0.528 0.52 0.554 0.528 0.504 0.512 0.566 0.526 0.578 0.57 0.59 0.594 0.592 0.594 0.596 0.446 0.568 0.578 0.592 0.61 0.61 0.614 0.63 0.632 0.642 0.63 0.644 0.636 0.654 0.666 0.662 0.682 0.646 0.68 0.666 0.66 
====================label_inverse
0 0.104 0.102 0.104 0.102 0.102 0.104 0.148 0.18 0.21 0.242 0.33 0.372 0.414 0.48 0.498 0.52 0.536 0.426 0.396 0.524 0.288 0.502 0.46 0.53 0.544 0.524 0.502 0.526 0.514 0.544 0.55 0.53 0.532 0.518 0.504 0.488 0.452 0.424 0.492 0.234 0.454 0.446 0.512 0.436 0.42 0.398 0.394 0.384 0.454 0.506 0.494 0.528 0.532 0.518 0.522 0.534 0.492 0.536 0.502 0.528 0.55 0.428 0.542 0.434 0.416 0.35 0.356 0.37 0.37 0.45 0.506 0.444 0.464 0.326 0.45 0.446 0.494 0.47 0.548 0.564 0.566 0.588 0.566 0.586 0.578 0.564 0.58 0.574 0.558 0.572 0.59 0.594 0.598 0.604 0.624 0.636 0.614 0.63 0.596 0.468 0.56 0.546 0.626 0.636 0.648 0.652 0.674 0.684 0.686 0.67 0.67 0.7 0.678 0.66 0.706 0.67 0.706 0.684 0.688 0.706 
