====================nomal
0 0.114 0.088 0.088 0.088 0.088 0.114 0.114 0.114 0.088 0.088 0.088 0.114 0.114 0.114 0.114 0.114 0.106 0.096 0.188 0.298 0.24 0.214 0.242 0.242 0.292 0.35 0.432 0.486 0.534 0.502 0.536 0.524 0.546 0.58 0.596 0.616 0.612 0.65 0.642 0.658 0.67 0.674 0.688 0.688 0.688 0.7 0.7 0.708 0.72 0.708 0.736 0.722 0.742 0.73 0.744 0.74 0.752 0.754 0.752 0.746 0.77 0.768 0.768 0.772 0.774 0.792 0.78 0.782 0.792 0.78 0.802 0.798 0.8 0.804 0.79 0.808 0.812 0.796 0.812 0.808 0.808 0.83 0.81 0.826 0.832 0.826 0.844 0.832 0.844 0.824 0.848 0.84 0.85 0.844 0.834 0.85 0.85 0.852 0.848 0.846 0.846 0.844 0.854 0.852 0.848 0.844 0.86 0.858 0.848 0.848 0.846 0.858 0.86 0.862 0.858 0.854 0.858 0.852 0.856 0.862 
====================nomal
0 0.096 0.096 0.106 0.096 0.08 0.08 0.08 0.106 0.102 0.106 0.106 0.106 0.08 0.096 0.08 0.106 0.106 0.106 0.212 0.23 0.222 0.216 0.274 0.262 0.282 0.352 0.334 0.392 0.45 0.486 0.49 0.484 0.506 0.522 0.566 0.552 0.588 0.596 0.596 0.6 0.62 0.628 0.634 0.654 0.656 0.668 0.68 0.69 0.686 0.688 0.696 0.712 0.712 0.71 0.71 0.71 0.726 0.718 0.724 0.728 0.728 0.74 0.736 0.752 0.756 0.766 0.76 0.772 0.78 0.77 0.78 0.798 0.784 0.782 0.798 0.81 0.794 0.79 0.796 0.806 0.82 0.816 0.808 0.818 0.82 0.826 0.836 0.82 0.834 0.828 0.828 0.822 0.826 0.838 0.84 0.834 0.842 0.842 0.826 0.844 0.826 0.84 0.854 0.838 0.83 0.838 0.848 0.842 0.836 0.852 0.86 0.844 0.854 0.858 0.858 0.862 0.854 0.85 0.858 0.864 
====================nomal
0 0.098 0.11 0.11 0.11 0.11 0.11 0.11 0.11 0.11 0.11 0.11 0.11 0.11 0.11 0.11 0.11 0.11 0.11 0.11 0.11 0.236 0.206 0.224 0.234 0.366 0.392 0.414 0.448 0.508 0.538 0.532 0.556 0.546 0.59 0.588 0.614 0.634 0.652 0.682 0.686 0.688 0.684 0.69 0.696 0.716 0.714 0.714 0.714 0.74 0.738 0.73 0.766 0.762 0.788 0.784 0.804 0.792 0.8 0.8 0.808 0.79 0.808 0.8 0.822 0.824 0.796 0.83 0.83 0.82 0.824 0.818 0.826 0.832 0.836 0.828 0.832 0.836 0.842 0.846 0.832 0.838 0.832 0.86 0.85 0.85 0.858 0.85 0.844 0.856 0.846 0.864 0.858 0.852 0.87 0.87 0.856 0.874 0.872 0.866 0.864 0.852 0.862 0.864 0.864 0.868 0.874 0.874 0.87 0.864 0.872 0.868 0.868 0.87 0.87 0.87 0.868 0.874 0.868 0.874 0.87 
====================nomal
0 0.116 0.088 0.088 0.088 0.116 0.116 0.116 0.116 0.116 0.116 0.116 0.116 0.116 0.116 0.116 0.116 0.116 0.094 0.116 0.188 0.188 0.206 0.24 0.32 0.29 0.364 0.394 0.422 0.508 0.554 0.564 0.57 0.584 0.612 0.61 0.624 0.618 0.636 0.664 0.67 0.68 0.68 0.688 0.698 0.694 0.724 0.732 0.75 0.746 0.744 0.74 0.764 0.764 0.774 0.766 0.776 0.772 0.782 0.79 0.802 0.776 0.784 0.788 0.788 0.794 0.776 0.804 0.796 0.804 0.816 0.806 0.802 0.812 0.802 0.806 0.81 0.814 0.818 0.804 0.824 0.808 0.808 0.816 0.84 0.828 0.826 0.82 0.818 0.834 0.838 0.822 0.836 0.82 0.836 0.84 0.836 0.844 0.844 0.842 0.842 0.82 0.846 0.856 0.844 0.824 0.852 0.854 0.856 0.846 0.858 0.85 0.854 0.862 0.862 0.862 0.86 0.86 0.864 0.862 0.862 
====================nomal
0 0.102 0.102 0.102 0.102 0.102 0.102 0.102 0.102 0.102 0.102 0.102 0.102 0.102 0.102 0.102 0.102 0.204 0.25 0.108 0.246 0.218 0.24 0.252 0.278 0.29 0.404 0.4 0.412 0.514 0.532 0.55 0.562 0.578 0.608 0.61 0.62 0.622 0.618 0.658 0.662 0.672 0.652 0.684 0.686 0.71 0.722 0.71 0.722 0.746 0.728 0.744 0.746 0.76 0.772 0.768 0.77 0.758 0.77 0.772 0.778 0.766 0.77 0.782 0.778 0.78 0.754 0.786 0.786 0.786 0.794 0.78 0.796 0.794 0.782 0.798 0.798 0.798 0.8 0.796 0.798 0.796 0.802 0.808 0.806 0.814 0.82 0.816 0.808 0.818 0.814 0.82 0.82 0.818 0.82 0.814 0.83 0.816 0.834 0.818 0.826 0.81 0.834 0.826 0.822 0.81 0.82 0.832 0.832 0.818 0.828 0.826 0.832 0.822 0.828 0.828 0.828 0.828 0.824 0.826 0.83 
====================nomal
0 0.09 0.09 0.102 0.102 0.102 0.09 0.09 0.09 0.09 0.09 0.09 0.09 0.09 0.09 0.09 0.122 0.122 0.122 0.144 0.252 0.32 0.294 0.332 0.336 0.344 0.466 0.4 0.472 0.516 0.55 0.582 0.584 0.59 0.624 0.642 0.664 0.678 0.672 0.666 0.688 0.684 0.704 0.698 0.718 0.732 0.726 0.728 0.732 0.756 0.726 0.748 0.752 0.768 0.77 0.75 0.754 0.778 0.762 0.768 0.784 0.762 0.786 0.774 0.802 0.782 0.79 0.796 0.794 0.8 0.81 0.806 0.808 0.812 0.806 0.816 0.828 0.822 0.822 0.822 0.83 0.812 0.83 0.826 0.83 0.826 0.83 0.832 0.836 0.84 0.83 0.828 0.838 0.85 0.848 0.848 0.844 0.854 0.842 0.838 0.858 0.846 0.844 0.85 0.85 0.858 0.852 0.856 0.856 0.86 0.85 0.856 0.86 0.862 0.868 0.862 0.862 0.87 0.878 0.878 0.88 
====================nomal
0 0.104 0.104 0.088 0.088 0.088 0.088 0.088 0.1 0.1 0.104 0.1 0.114 0.1 0.114 0.114 0.104 0.104 0.096 0.114 0.2 0.202 0.26 0.264 0.29 0.272 0.368 0.374 0.458 0.488 0.51 0.54 0.522 0.564 0.574 0.592 0.598 0.608 0.612 0.614 0.628 0.652 0.648 0.652 0.696 0.68 0.694 0.714 0.712 0.702 0.716 0.71 0.752 0.742 0.744 0.724 0.748 0.746 0.746 0.744 0.75 0.75 0.756 0.758 0.766 0.778 0.772 0.78 0.776 0.788 0.768 0.79 0.784 0.776 0.782 0.784 0.794 0.786 0.788 0.786 0.798 0.804 0.802 0.8 0.8 0.81 0.808 0.81 0.814 0.816 0.8 0.818 0.816 0.82 0.826 0.818 0.824 0.832 0.836 0.83 0.834 0.83 0.838 0.822 0.844 0.84 0.834 0.846 0.844 0.836 0.84 0.84 0.844 0.844 0.846 0.848 0.85 0.848 0.842 0.846 0.848 
====================nomal
0 0.096 0.094 0.09 0.09 0.09 0.09 0.09 0.09 0.094 0.094 0.09 0.096 0.096 0.096 0.09 0.096 0.096 0.096 0.094 0.184 0.202 0.228 0.306 0.278 0.312 0.362 0.426 0.514 0.51 0.56 0.578 0.604 0.586 0.618 0.624 0.638 0.65 0.678 0.678 0.7 0.708 0.702 0.694 0.716 0.7 0.718 0.724 0.732 0.726 0.728 0.74 0.75 0.742 0.752 0.748 0.756 0.754 0.756 0.764 0.764 0.762 0.764 0.76 0.764 0.778 0.762 0.772 0.776 0.774 0.772 0.77 0.776 0.78 0.782 0.77 0.778 0.774 0.782 0.776 0.774 0.782 0.784 0.786 0.782 0.788 0.794 0.786 0.792 0.792 0.794 0.8 0.798 0.798 0.804 0.818 0.814 0.812 0.812 0.804 0.816 0.824 0.804 0.814 0.81 0.824 0.816 0.824 0.824 0.82 0.824 0.832 0.824 0.824 0.82 0.824 0.824 0.824 0.842 0.828 0.83 
====================nomal
0 0.118 0.096 0.096 0.096 0.118 0.118 0.118 0.118 0.118 0.118 0.118 0.118 0.118 0.118 0.118 0.118 0.118 0.118 0.094 0.188 0.188 0.194 0.216 0.228 0.264 0.318 0.358 0.36 0.442 0.512 0.532 0.556 0.536 0.558 0.554 0.618 0.638 0.648 0.66 0.658 0.666 0.68 0.672 0.698 0.684 0.702 0.72 0.728 0.724 0.738 0.734 0.75 0.75 0.76 0.748 0.77 0.764 0.77 0.776 0.776 0.778 0.794 0.788 0.79 0.798 0.796 0.81 0.814 0.81 0.814 0.82 0.83 0.828 0.828 0.834 0.832 0.828 0.834 0.83 0.834 0.836 0.84 0.852 0.852 0.85 0.852 0.848 0.842 0.852 0.84 0.85 0.85 0.844 0.852 0.856 0.842 0.852 0.856 0.848 0.846 0.86 0.856 0.86 0.842 0.854 0.852 0.854 0.854 0.858 0.858 0.862 0.852 0.856 0.856 0.86 0.86 0.866 0.85 0.86 0.868 
====================nomal
0 0.1 0.1 0.1 0.1 0.1 0.1 0.1 0.1 0.1 0.1 0.1 0.1 0.1 0.1 0.1 0.1 0.1 0.1 0.1 0.18 0.24 0.244 0.246 0.278 0.268 0.316 0.43 0.416 0.484 0.544 0.552 0.566 0.564 0.59 0.598 0.594 0.606 0.602 0.616 0.63 0.642 0.654 0.658 0.678 0.69 0.696 0.718 0.728 0.72 0.744 0.744 0.752 0.748 0.76 0.748 0.76 0.774 0.776 0.778 0.78 0.78 0.794 0.784 0.786 0.802 0.77 0.8 0.81 0.794 0.806 0.82 0.806 0.814 0.818 0.802 0.82 0.814 0.818 0.824 0.808 0.808 0.818 0.832 0.836 0.83 0.83 0.828 0.828 0.834 0.83 0.834 0.826 0.832 0.84 0.84 0.828 0.842 0.84 0.844 0.844 0.846 0.844 0.846 0.844 0.846 0.844 0.85 0.848 0.846 0.856 0.86 0.848 0.856 0.862 0.86 0.86 0.862 0.858 0.858 0.866 


====================gaussian
0 0.086 0.086 0.086 0.092 0.092 0.092 0.092 0.092 0.092 0.092 0.092 0.092 0.092 0.092 0.092 0.092 0.092 0.092 0.092 0.092 0.092 0.092 0.092 0.092 0.092 0.092 0.092 0.092 0.108 0.108 0.108 0.108 0.108 0.108 0.108 0.108 0.108 0.108 0.108 0.108 0.108 0.108 0.108 0.108 0.108 0.108 0.108 0.108 0.108 0.108 0.108 0.108 0.108 0.108 0.108 0.108 0.108 0.108 0.108 0.108 0.108 0.108 0.108 0.108 0.108 0.108 0.108 0.108 0.108 0.108 0.108 0.108 0.108 0.108 0.108 0.108 0.108 0.108 0.108 0.108 0.108 0.108 0.108 0.108 0.108 0.108 0.108 0.108 0.108 0.108 0.108 0.108 0.108 0.108 0.108 0.108 0.108 0.108 0.108 0.108 0.108 0.108 0.108 0.108 0.108 0.108 0.108 0.108 0.108 0.108 0.108 0.108 0.108 0.108 0.108 0.108 0.108 0.108 0.108 0.108 
====================gaussian
0 0.106 0.106 0.09 0.09 0.106 0.106 0.09 0.09 0.09 0.09 0.106 0.106 0.106 0.106 0.106 0.106 0.106 0.106 0.106 0.106 0.106 0.106 0.106 0.106 0.106 0.106 0.106 0.106 0.106 0.106 0.106 0.106 0.106 0.106 0.106 0.106 0.106 0.106 0.106 0.106 0.106 0.106 0.106 0.106 0.106 0.106 0.106 0.106 0.106 0.106 0.106 0.106 0.106 0.106 0.106 0.106 0.106 0.106 0.106 0.09 0.09 0.09 0.09 0.09 0.09 0.09 0.106 0.106 0.106 0.106 0.106 0.106 0.106 0.106 0.106 0.106 0.106 0.106 0.106 0.106 0.106 0.09 0.09 0.09 0.09 0.09 0.09 0.09 0.09 0.09 0.09 0.09 0.09 0.09 0.09 0.09 0.09 0.09 0.09 0.09 0.106 0.09 0.09 0.108 0.106 0.106 0.106 0.106 0.106 0.106 0.106 0.106 0.106 0.106 0.106 0.106 0.106 0.09 0.09 0.09 
====================gaussian
0 0.114 0.114 0.104 0.104 0.104 0.104 0.104 0.104 0.104 0.104 0.104 0.104 0.104 0.104 0.104 0.104 0.104 0.114 0.114 0.114 0.114 0.114 0.114 0.114 0.114 0.114 0.114 0.114 0.114 0.114 0.114 0.114 0.114 0.114 0.114 0.114 0.114 0.114 0.114 0.114 0.114 0.114 0.114 0.114 0.114 0.114 0.114 0.114 0.114 0.114 0.114 0.114 0.114 0.114 0.114 0.114 0.114 0.114 0.114 0.114 0.114 0.114 0.114 0.114 0.114 0.114 0.114 0.114 0.114 0.114 0.114 0.114 0.114 0.114 0.114 0.114 0.114 0.114 0.114 0.114 0.114 0.114 0.114 0.114 0.114 0.136 0.136 0.136 0.136 0.136 0.136 0.136 0.136 0.136 0.136 0.136 0.136 0.114 0.114 0.114 0.114 0.114 0.114 0.114 0.114 0.114 0.114 0.114 0.114 0.114 0.104 0.104 0.104 0.104 0.104 0.104 0.104 0.1 0.092 0.094 
====================gaussian
0 0.096 0.096 0.096 0.096 0.096 0.096 0.114 0.114 0.114 0.114 0.114 0.114 0.114 0.114 0.106 0.114 0.106 0.106 0.106 0.106 0.106 0.106 0.106 0.106 0.106 0.106 0.106 0.106 0.106 0.106 0.106 0.106 0.106 0.106 0.106 0.106 0.106 0.106 0.106 0.106 0.106 0.106 0.106 0.106 0.106 0.106 0.108 0.096 0.108 0.106 0.106 0.106 0.096 0.096 0.106 0.106 0.106 0.096 0.096 0.096 0.096 0.096 0.07 0.096 0.096 0.096 0.096 0.096 0.096 0.096 0.096 0.096 0.096 0.096 0.096 0.096 0.096 0.096 0.106 0.106 0.106 0.096 0.096 0.096 0.096 0.096 0.096 0.096 0.096 0.096 0.096 0.096 0.096 0.096 0.096 0.096 0.096 0.096 0.096 0.096 0.096 0.096 0.096 0.096 0.096 0.096 0.096 0.096 0.096 0.096 0.096 0.096 0.096 0.098 0.096 0.096 0.096 0.096 0.096 0.096 
====================gaussian
0 0.108 0.108 0.092 0.092 0.092 0.092 0.092 0.092 0.092 0.092 0.092 0.092 0.092 0.092 0.092 0.092 0.092 0.092 0.092 0.108 0.108 0.108 0.108 0.108 0.108 0.108 0.108 0.108 0.108 0.108 0.108 0.108 0.108 0.108 0.108 0.108 0.108 0.108 0.108 0.108 0.108 0.108 0.108 0.108 0.108 0.108 0.108 0.108 0.108 0.108 0.108 0.108 0.108 0.108 0.108 0.108 0.108 0.092 0.092 0.092 0.092 0.092 0.092 0.092 0.092 0.092 0.092 0.092 0.108 0.108 0.108 0.108 0.108 0.108 0.108 0.108 0.108 0.108 0.092 0.092 0.092 0.092 0.092 0.092 0.092 0.092 0.092 0.092 0.092 0.092 0.092 0.092 0.092 0.092 0.092 0.092 0.092 0.092 0.092 0.092 0.092 0.108 0.108 0.108 0.108 0.108 0.108 0.108 0.108 0.108 0.108 0.108 0.108 0.108 0.108 0.108 0.108 0.108 0.108 0.108 
====================gaussian
0 0.09 0.09 0.09 0.09 0.09 0.09 0.09 0.09 0.09 0.09 0.09 0.09 0.09 0.09 0.09 0.09 0.09 0.09 0.09 0.09 0.09 0.09 0.09 0.09 0.09 0.09 0.102 0.102 0.102 0.102 0.102 0.102 0.102 0.102 0.102 0.102 0.102 0.102 0.102 0.102 0.102 0.102 0.102 0.102 0.102 0.102 0.102 0.102 0.102 0.102 0.102 0.102 0.102 0.102 0.102 0.102 0.102 0.102 0.102 0.102 0.102 0.102 0.102 0.102 0.124 0.098 0.096 0.09 0.09 0.09 0.09 0.09 0.09 0.09 0.09 0.09 0.09 0.09 0.09 0.09 0.09 0.09 0.09 0.09 0.09 0.09 0.09 0.09 0.09 0.09 0.09 0.09 0.09 0.09 0.09 0.11 0.09 0.108 0.108 0.106 0.116 0.09 0.09 0.09 0.09 0.09 0.09 0.09 0.09 0.09 0.098 0.098 0.098 0.09 0.098 0.098 0.098 0.1 0.1 0.1 
====================gaussian
0 0.094 0.094 0.094 0.094 0.094 0.094 0.094 0.094 0.094 0.094 0.094 0.094 0.094 0.094 0.094 0.094 0.094 0.08 0.08 0.08 0.08 0.104 0.094 0.08 0.08 0.08 0.08 0.08 0.08 0.08 0.08 0.08 0.08 0.08 0.08 0.08 0.08 0.08 0.08 0.08 0.08 0.08 0.08 0.08 0.08 0.08 0.08 0.08 0.08 0.08 0.08 0.08 0.08 0.08 0.08 0.08 0.08 0.08 0.08 0.08 0.08 0.08 0.08 0.08 0.08 0.094 0.094 0.094 0.094 0.094 0.094 0.094 0.094 0.094 0.094 0.094 0.094 0.094 0.094 0.094 0.094 0.094 0.094 0.094 0.094 0.094 0.094 0.094 0.094 0.094 0.094 0.094 0.094 0.094 0.094 0.094 0.094 0.094 0.102 0.102 0.102 0.102 0.102 0.102 0.102 0.102 0.102 0.102 0.102 0.102 0.102 0.11 0.094 0.094 0.094 0.102 0.102 0.102 0.102 0.102 
====================gaussian
0 0.092 0.092 0.102 0.102 0.102 0.102 0.092 0.092 0.092 0.092 0.102 0.102 0.102 0.102 0.102 0.104 0.102 0.102 0.102 0.102 0.102 0.102 0.102 0.102 0.102 0.102 0.102 0.102 0.102 0.102 0.102 0.102 0.102 0.102 0.102 0.102 0.102 0.102 0.102 0.102 0.102 0.102 0.102 0.102 0.102 0.102 0.102 0.102 0.102 0.102 0.102 0.102 0.102 0.102 0.102 0.102 0.102 0.102 0.102 0.102 0.102 0.102 0.102 0.102 0.102 0.102 0.102 0.094 0.092 0.092 0.092 0.092 0.092 0.092 0.092 0.092 0.092 0.092 0.092 0.092 0.092 0.092 0.092 0.092 0.092 0.092 0.092 0.092 0.092 0.092 0.092 0.092 0.092 0.092 0.092 0.12 0.092 0.092 0.092 0.092 0.092 0.092 0.092 0.092 0.092 0.092 0.092 0.092 0.092 0.092 0.092 0.092 0.092 0.092 0.092 0.092 0.092 0.092 0.092 0.092 
====================gaussian
0 0.08 0.08 0.08 0.08 0.08 0.08 0.08 0.08 0.08 0.08 0.08 0.084 0.08 0.084 0.084 0.09 0.08 0.08 0.08 0.08 0.08 0.08 0.08 0.08 0.08 0.08 0.08 0.08 0.08 0.08 0.08 0.08 0.08 0.08 0.08 0.08 0.08 0.08 0.08 0.08 0.08 0.08 0.08 0.118 0.08 0.08 0.08 0.08 0.08 0.08 0.08 0.08 0.08 0.084 0.084 0.102 0.102 0.102 0.102 0.102 0.102 0.102 0.102 0.104 0.104 0.138 0.102 0.102 0.102 0.12 0.09 0.09 0.096 0.096 0.096 0.096 0.176 0.09 0.09 0.09 0.13 0.104 0.104 0.104 0.104 0.104 0.104 0.104 0.032 0.08 0.08 0.08 0.08 0.08 0.08 0.054 0.08 0.08 0.08 0.08 0.08 0.104 0.104 0.104 0.156 0.096 0.084 0.08 0.096 0.096 0.096 0.096 0.08 0.08 0.08 0.08 0.08 0.08 0.104 0.104 
====================gaussian
0 0.106 0.106 0.106 0.106 0.106 0.106 0.106 0.106 0.106 0.106 0.106 0.106 0.106 0.106 0.106 0.106 0.106 0.106 0.106 0.09 0.09 0.09 0.106 0.106 0.09 0.09 0.09 0.09 0.09 0.09 0.09 0.09 0.09 0.09 0.09 0.09 0.09 0.09 0.09 0.09 0.09 0.09 0.09 0.09 0.09 0.156 0.106 0.106 0.106 0.094 0.094 0.094 0.094 0.1 0.1 0.1 0.094 0.094 0.094 0.094 0.094 0.094 0.094 0.094 0.094 0.094 0.094 0.094 0.094 0.094 0.094 0.094 0.094 0.094 0.094 0.094 0.094 0.094 0.094 0.094 0.094 0.094 0.094 0.094 0.094 0.094 0.094 0.094 0.094 0.094 0.094 0.094 0.094 0.094 0.094 0.094 0.094 0.094 0.094 0.094 0.094 0.094 0.094 0.094 0.094 0.094 0.1 0.1 0.094 0.094 0.094 0.094 0.094 0.094 0.094 0.094 0.094 0.094 0.094 0.094 

====================gaussian
0 0.086 0.086 0.086 0.092 0.092 0.092 0.092 0.092 0.092 0.092 0.092 0.092 0.092 0.092 0.092 0.092 0.092 0.092 0.092 0.092 0.092 0.092 0.092 0.092 0.092 0.092 0.092 0.092 0.108 0.108 0.108 0.108 0.108 0.108 0.108 0.108 0.108 0.108 0.108 0.108 0.108 0.108 0.108 0.108 0.108 0.108 0.108 0.108 0.108 0.108 0.108 0.108 0.108 0.108 0.108 0.108 0.108 0.108 0.108 0.108 0.108 0.108 0.108 0.108 0.108 0.108 0.108 0.108 0.108 0.108 0.108 0.108 0.108 0.108 0.108 0.108 0.108 0.108 0.108 0.108 0.108 0.108 0.108 0.108 0.108 0.108 0.108 0.108 0.108 0.108 0.108 0.108 0.108 0.108 0.108 0.108 0.108 0.108 0.108 0.108 0.108 0.108 0.108 0.108 0.108 0.108 0.108 0.108 0.108 0.108 0.108 0.108 0.108 0.108 0.108 0.108 0.108 0.108 0.108 0.108
====================gaussian
0 0.106 0.106 0.09 0.09 0.106 0.106 0.09 0.09 0.09 0.09 0.106 0.106 0.106 0.106 0.106 0.106 0.106 0.106 0.106 0.106 0.106 0.106 0.106 0.106 0.106 0.106 0.106 0.106 0.106 0.106 0.106 0.106 0.106 0.106 0.106 0.106 0.106 0.106 0.106 0.106 0.106 0.106 0.106 0.106 0.106 0.106 0.106 0.106 0.106 0.106 0.106 0.106 0.106 0.106 0.106 0.106 0.106 0.106 0.106 0.09 0.09 0.09 0.09 0.09 0.09 0.09 0.106 0.106 0.106 0.106 0.106 0.106 0.106 0.106 0.106 0.106 0.106 0.106 0.106 0.106 0.106 0.09 0.09 0.09 0.09 0.09 0.09 0.09 0.09 0.09 0.09 0.09 0.09 0.09 0.09 0.09 0.09 0.09 0.09 0.09 0.106 0.09 0.09 0.108 0.106 0.106 0.106 0.106 0.106 0.106 0.106 0.106 0.106 0.106 0.106 0.106 0.106 0.09 0.09 0.09
====================gaussian
0 0.114 0.114 0.104 0.104 0.104 0.104 0.104 0.104 0.104 0.104 0.104 0.104 0.104 0.104 0.104 0.104 0.104 0.114 0.114 0.114 0.114 0.114 0.114 0.114 0.114 0.114 0.114 0.114 0.114 0.114 0.114 0.114 0.114 0.114 0.114 0.114 0.114 0.114 0.114 0.114 0.114 0.114 0.114 0.114 0.114 0.114 0.114 0.114 0.114 0.114 0.114 0.114 0.114 0.114 0.114 0.114 0.114 0.114 0.114 0.114 0.114 0.114 0.114 0.114 0.114 0.114 0.114 0.114 0.114 0.114 0.114 0.114 0.114 0.114 0.114 0.114 0.114 0.114 0.114 0.114 0.114 0.114 0.114 0.114 0.114 0.136 0.136 0.136 0.136 0.136 0.136 0.136 0.136 0.136 0.136 0.136 0.136 0.114 0.114 0.114 0.114 0.114 0.114 0.114 0.114 0.114 0.114 0.114 0.114 0.114 0.104 0.104 0.104 0.104 0.104 0.104 0.104 0.1 0.092 0.094
====================gaussian
0 0.096 0.096 0.096 0.096 0.096 0.096 0.114 0.114 0.114 0.114 0.114 0.114 0.114 0.114 0.106 0.114 0.106 0.106 0.106 0.106 0.106 0.106 0.106 0.106 0.106 0.106 0.106 0.106 0.106 0.106 0.106 0.106 0.106 0.106 0.106 0.106 0.106 0.106 0.106 0.106 0.106 0.106 0.106 0.106 0.106 0.106 0.108 0.096 0.108 0.106 0.106 0.106 0.096 0.096 0.106 0.106 0.106 0.096 0.096 0.096 0.096 0.096 0.07 0.096 0.096 0.096 0.096 0.096 0.096 0.096 0.096 0.096 0.096 0.096 0.096 0.096 0.096 0.096 0.106 0.106 0.106 0.096 0.096 0.096 0.096 0.096 0.096 0.096 0.096 0.096 0.096 0.096 0.096 0.096 0.096 0.096 0.096 0.096 0.096 0.096 0.096 0.096 0.096 0.096 0.096 0.096 0.096 0.096 0.096 0.096 0.096 0.096 0.096 0.098 0.096 0.096 0.096 0.096 0.096 0.096
====================gaussian
0 0.108 0.108 0.092 0.092 0.092 0.092 0.092 0.092 0.092 0.092 0.092 0.092 0.092 0.092 0.092 0.092 0.092 0.092 0.092 0.108 0.108 0.108 0.108 0.108 0.108 0.108 0.108 0.108 0.108 0.108 0.108 0.108 0.108 0.108 0.108 0.108 0.108 0.108 0.108 0.108 0.108 0.108 0.108 0.108 0.108 0.108 0.108 0.108 0.108 0.108 0.108 0.108 0.108 0.108 0.108 0.108 0.108 0.092 0.092 0.092 0.092 0.092 0.092 0.092 0.092 0.092 0.092 0.092 0.108 0.108 0.108 0.108 0.108 0.108 0.108 0.108 0.108 0.108 0.092 0.092 0.092 0.092 0.092 0.092 0.092 0.092 0.092 0.092 0.092 0.092 0.092 0.092 0.092 0.092 0.092 0.092 0.092 0.092 0.092 0.092 0.092 0.108 0.108 0.108 0.108 0.108 0.108 0.108 0.108 0.108 0.108 0.108 0.108 0.108 0.108 0.108 0.108 0.108 0.108 0.108
====================gaussian
0 0.09 0.09 0.09 0.09 0.09 0.09 0.09 0.09 0.09 0.09 0.09 0.09 0.09 0.09 0.09 0.09 0.09 0.09 0.09 0.09 0.09 0.09 0.09 0.09 0.09 0.09 0.102 0.102 0.102 0.102 0.102 0.102 0.102 0.102 0.102 0.102 0.102 0.102 0.102 0.102 0.102 0.102 0.102 0.102 0.102 0.102 0.102 0.102 0.102 0.102 0.102 0.102 0.102 0.102 0.102 0.102 0.102 0.102 0.102 0.102 0.102 0.102 0.102 0.102 0.124 0.098 0.096 0.09 0.09 0.09 0.09 0.09 0.09 0.09 0.09 0.09 0.09 0.09 0.09 0.09 0.09 0.09 0.09 0.09 0.09 0.09 0.09 0.09 0.09 0.09 0.09 0.09 0.09 0.09 0.09 0.11 0.09 0.108 0.108 0.106 0.116 0.09 0.09 0.09 0.09 0.09 0.09 0.09 0.09 0.09 0.098 0.098 0.098 0.09 0.098 0.098 0.098 0.1 0.1 0.1
====================gaussian
0 0.094 0.094 0.094 0.094 0.094 0.094 0.094 0.094 0.094 0.094 0.094 0.094 0.094 0.094 0.094 0.094 0.094 0.08 0.08 0.08 0.08 0.104 0.094 0.08 0.08 0.08 0.08 0.08 0.08 0.08 0.08 0.08 0.08 0.08 0.08 0.08 0.08 0.08 0.08 0.08 0.08 0.08 0.08 0.08 0.08 0.08 0.08 0.08 0.08 0.08 0.08 0.08 0.08 0.08 0.08 0.08 0.08 0.08 0.08 0.08 0.08 0.08 0.08 0.08 0.08 0.094 0.094 0.094 0.094 0.094 0.094 0.094 0.094 0.094 0.094 0.094 0.094 0.094 0.094 0.094 0.094 0.094 0.094 0.094 0.094 0.094 0.094 0.094 0.094 0.094 0.094 0.094 0.094 0.094 0.094 0.094 0.094 0.094 0.102 0.102 0.102 0.102 0.102 0.102 0.102 0.102 0.102 0.102 0.102 0.102 0.102 0.11 0.094 0.094 0.094 0.102 0.102 0.102 0.102 0.102
====================gaussian
0 0.092 0.092 0.102 0.102 0.102 0.102 0.092 0.092 0.092 0.092 0.102 0.102 0.102 0.102 0.102 0.104 0.102 0.102 0.102 0.102 0.102 0.102 0.102 0.102 0.102 0.102 0.102 0.102 0.102 0.102 0.102 0.102 0.102 0.102 0.102 0.102 0.102 0.102 0.102 0.102 0.102 0.102 0.102 0.102 0.102 0.102 0.102 0.102 0.102 0.102 0.102 0.102 0.102 0.102 0.102 0.102 0.102 0.102 0.102 0.102 0.102 0.102 0.102 0.102 0.102 0.102 0.102 0.094 0.092 0.092 0.092 0.092 0.092 0.092 0.092 0.092 0.092 0.092 0.092 0.092 0.092 0.092 0.092 0.092 0.092 0.092 0.092 0.092 0.092 0.092 0.092 0.092 0.092 0.092 0.092 0.12 0.092 0.092 0.092 0.092 0.092 0.092 0.092 0.092 0.092 0.092 0.092 0.092 0.092 0.092 0.092 0.092 0.092 0.092 0.092 0.092 0.092 0.092 0.092 0.092
====================gaussian
0 0.08 0.08 0.08 0.08 0.08 0.08 0.08 0.08 0.08 0.08 0.08 0.084 0.08 0.084 0.084 0.09 0.08 0.08 0.08 0.08 0.08 0.08 0.08 0.08 0.08 0.08 0.08 0.08 0.08 0.08 0.08 0.08 0.08 0.08 0.08 0.08 0.08 0.08 0.08 0.08 0.08 0.08 0.08 0.118 0.08 0.08 0.08 0.08 0.08 0.08 0.08 0.08 0.08 0.084 0.084 0.102 0.102 0.102 0.102 0.102 0.102 0.102 0.102 0.104 0.104 0.138 0.102 0.102 0.102 0.12 0.09 0.09 0.096 0.096 0.096 0.096 0.176 0.09 0.09 0.09 0.13 0.104 0.104 0.104 0.104 0.104 0.104 0.104 0.032 0.08 0.08 0.08 0.08 0.08 0.08 0.054 0.08 0.08 0.08 0.08 0.08 0.104 0.104 0.104 0.156 0.096 0.084 0.08 0.096 0.096 0.096 0.096 0.08 0.08 0.08 0.08 0.08 0.08 0.104 0.104
====================gaussian
0 0.106 0.106 0.106 0.106 0.106 0.106 0.106 0.106 0.106 0.106 0.106 0.106 0.106 0.106 0.106 0.106 0.106 0.106 0.106 0.09 0.09 0.09 0.106 0.106 0.09 0.09 0.09 0.09 0.09 0.09 0.09 0.09 0.09 0.09 0.09 0.09 0.09 0.09 0.09 0.09 0.09 0.09 0.09 0.09 0.09 0.156 0.106 0.106 0.106 0.094 0.094 0.094 0.094 0.1 0.1 0.1 0.094 0.094 0.094 0.094 0.094 0.094 0.094 0.094 0.094 0.094 0.094 0.094 0.094 0.094 0.094 0.094 0.094 0.094 0.094 0.094 0.094 0.094 0.094 0.094 0.094 0.094 0.094 0.094 0.094 0.094 0.094 0.094 0.094 0.094 0.094 0.094 0.094 0.094 0.094 0.094 0.094 0.094 0.094 0.094 0.094 0.094 0.094 0.094 0.094 0.094 0.1 0.1 0.094 0.094 0.094 0.094 0.094 0.094 0.094 0.094 0.094 0.094 0.094 0.094

====================gaussian
0 0.086 0.086 0.086 0.092 0.092 0.092 0.092 0.092 0.092 0.092 0.092 0.092 0.092 0.092 0.092 0.092 0.092 0.092 0.092 0.092 0.092 0.092 0.092 0.092 0.092 0.092 0.092 0.092 0.108 0.108 0.108 0.108 0.108 0.108 0.108 0.108 0.108 0.108 0.108 0.108 0.108 0.108 0.108 0.108 0.108 0.108 0.108 0.108 0.108 0.108 0.108 0.108 0.108 0.108 0.108 0.108 0.108 0.108 0.108 0.108 0.108 0.108 0.108 0.108 0.108 0.108 0.108 0.108 0.108 0.108 0.108 0.108 0.108 0.108 0.108 0.108 0.108 0.108 0.108 0.108 0.108 0.108 0.108 0.108 0.108 0.108 0.108 0.108 0.108 0.108 0.108 0.108 0.108 0.108 0.108 0.108 0.108 0.108 0.108 0.108 0.108 0.108 0.108 0.108 0.108 0.108 0.108 0.108 0.108 0.108 0.108 0.108 0.108 0.108 0.108 0.108 0.108 0.108 0.108 0.108
====================gaussian
0 0.106 0.106 0.09 0.09 0.106 0.106 0.09 0.09 0.09 0.09 0.106 0.106 0.106 0.106 0.106 0.106 0.106 0.106 0.106 0.106 0.106 0.106 0.106 0.106 0.106 0.106 0.106 0.106 0.106 0.106 0.106 0.106 0.106 0.106 0.106 0.106 0.106 0.106 0.106 0.106 0.106 0.106 0.106 0.106 0.106 0.106 0.106 0.106 0.106 0.106 0.106 0.106 0.106 0.106 0.106 0.106 0.106 0.106 0.106 0.09 0.09 0.09 0.09 0.09 0.09 0.09 0.106 0.106 0.106 0.106 0.106 0.106 0.106 0.106 0.106 0.106 0.106 0.106 0.106 0.106 0.106 0.09 0.09 0.09 0.09 0.09 0.09 0.09 0.09 0.09 0.09 0.09 0.09 0.09 0.09 0.09 0.09 0.09 0.09 0.09 0.106 0.09 0.09 0.108 0.106 0.106 0.106 0.106 0.106 0.106 0.106 0.106 0.106 0.106 0.106 0.106 0.106 0.09 0.09 0.09
====================gaussian
0 0.114 0.114 0.104 0.104 0.104 0.104 0.104 0.104 0.104 0.104 0.104 0.104 0.104 0.104 0.104 0.104 0.104 0.114 0.114 0.114 0.114 0.114 0.114 0.114 0.114 0.114 0.114 0.114 0.114 0.114 0.114 0.114 0.114 0.114 0.114 0.114 0.114 0.114 0.114 0.114 0.114 0.114 0.114 0.114 0.114 0.114 0.114 0.114 0.114 0.114 0.114 0.114 0.114 0.114 0.114 0.114 0.114 0.114 0.114 0.114 0.114 0.114 0.114 0.114 0.114 0.114 0.114 0.114 0.114 0.114 0.114 0.114 0.114 0.114 0.114 0.114 0.114 0.114 0.114 0.114 0.114 0.114 0.114 0.114 0.114 0.136 0.136 0.136 0.136 0.136 0.136 0.136 0.136 0.136 0.136 0.136 0.136 0.114 0.114 0.114 0.114 0.114 0.114 0.114 0.114 0.114 0.114 0.114 0.114 0.114 0.104 0.104 0.104 0.104 0.104 0.104 0.104 0.1 0.092 0.094
====================gaussian
0 0.096 0.096 0.096 0.096 0.096 0.096 0.114 0.114 0.114 0.114 0.114 0.114 0.114 0.114 0.106 0.114 0.106 0.106 0.106 0.106 0.106 0.106 0.106 0.106 0.106 0.106 0.106 0.106 0.106 0.106 0.106 0.106 0.106 0.106 0.106 0.106 0.106 0.106 0.106 0.106 0.106 0.106 0.106 0.106 0.106 0.106 0.108 0.096 0.108 0.106 0.106 0.106 0.096 0.096 0.106 0.106 0.106 0.096 0.096 0.096 0.096 0.096 0.07 0.096 0.096 0.096 0.096 0.096 0.096 0.096 0.096 0.096 0.096 0.096 0.096 0.096 0.096 0.096 0.106 0.106 0.106 0.096 0.096 0.096 0.096 0.096 0.096 0.096 0.096 0.096 0.096 0.096 0.096 0.096 0.096 0.096 0.096 0.096 0.096 0.096 0.096 0.096 0.096 0.096 0.096 0.096 0.096 0.096 0.096 0.096 0.096 0.096 0.096 0.098 0.096 0.096 0.096 0.096 0.096 0.096
====================gaussian
0 0.108 0.108 0.092 0.092 0.092 0.092 0.092 0.092 0.092 0.092 0.092 0.092 0.092 0.092 0.092 0.092 0.092 0.092 0.092 0.108 0.108 0.108 0.108 0.108 0.108 0.108 0.108 0.108 0.108 0.108 0.108 0.108 0.108 0.108 0.108 0.108 0.108 0.108 0.108 0.108 0.108 0.108 0.108 0.108 0.108 0.108 0.108 0.108 0.108 0.108 0.108 0.108 0.108 0.108 0.108 0.108 0.108 0.092 0.092 0.092 0.092 0.092 0.092 0.092 0.092 0.092 0.092 0.092 0.108 0.108 0.108 0.108 0.108 0.108 0.108 0.108 0.108 0.108 0.092 0.092 0.092 0.092 0.092 0.092 0.092 0.092 0.092 0.092 0.092 0.092 0.092 0.092 0.092 0.092 0.092 0.092 0.092 0.092 0.092 0.092 0.092 0.108 0.108 0.108 0.108 0.108 0.108 0.108 0.108 0.108 0.108 0.108 0.108 0.108 0.108 0.108 0.108 0.108 0.108 0.108
====================gaussian
0 0.09 0.09 0.09 0.09 0.09 0.09 0.09 0.09 0.09 0.09 0.09 0.09 0.09 0.09 0.09 0.09 0.09 0.09 0.09 0.09 0.09 0.09 0.09 0.09 0.09 0.09 0.102 0.102 0.102 0.102 0.102 0.102 0.102 0.102 0.102 0.102 0.102 0.102 0.102 0.102 0.102 0.102 0.102 0.102 0.102 0.102 0.102 0.102 0.102 0.102 0.102 0.102 0.102 0.102 0.102 0.102 0.102 0.102 0.102 0.102 0.102 0.102 0.102 0.102 0.124 0.098 0.096 0.09 0.09 0.09 0.09 0.09 0.09 0.09 0.09 0.09 0.09 0.09 0.09 0.09 0.09 0.09 0.09 0.09 0.09 0.09 0.09 0.09 0.09 0.09 0.09 0.09 0.09 0.09 0.09 0.11 0.09 0.108 0.108 0.106 0.116 0.09 0.09 0.09 0.09 0.09 0.09 0.09 0.09 0.09 0.098 0.098 0.098 0.09 0.098 0.098 0.098 0.1 0.1 0.1
====================gaussian
0 0.094 0.094 0.094 0.094 0.094 0.094 0.094 0.094 0.094 0.094 0.094 0.094 0.094 0.094 0.094 0.094 0.094 0.08 0.08 0.08 0.08 0.104 0.094 0.08 0.08 0.08 0.08 0.08 0.08 0.08 0.08 0.08 0.08 0.08 0.08 0.08 0.08 0.08 0.08 0.08 0.08 0.08 0.08 0.08 0.08 0.08 0.08 0.08 0.08 0.08 0.08 0.08 0.08 0.08 0.08 0.08 0.08 0.08 0.08 0.08 0.08 0.08 0.08 0.08 0.08 0.094 0.094 0.094 0.094 0.094 0.094 0.094 0.094 0.094 0.094 0.094 0.094 0.094 0.094 0.094 0.094 0.094 0.094 0.094 0.094 0.094 0.094 0.094 0.094 0.094 0.094 0.094 0.094 0.094 0.094 0.094 0.094 0.094 0.102 0.102 0.102 0.102 0.102 0.102 0.102 0.102 0.102 0.102 0.102 0.102 0.102 0.11 0.094 0.094 0.094 0.102 0.102 0.102 0.102 0.102
====================gaussian
0 0.092 0.092 0.102 0.102 0.102 0.102 0.092 0.092 0.092 0.092 0.102 0.102 0.102 0.102 0.102 0.104 0.102 0.102 0.102 0.102 0.102 0.102 0.102 0.102 0.102 0.102 0.102 0.102 0.102 0.102 0.102 0.102 0.102 0.102 0.102 0.102 0.102 0.102 0.102 0.102 0.102 0.102 0.102 0.102 0.102 0.102 0.102 0.102 0.102 0.102 0.102 0.102 0.102 0.102 0.102 0.102 0.102 0.102 0.102 0.102 0.102 0.102 0.102 0.102 0.102 0.102 0.102 0.094 0.092 0.092 0.092 0.092 0.092 0.092 0.092 0.092 0.092 0.092 0.092 0.092 0.092 0.092 0.092 0.092 0.092 0.092 0.092 0.092 0.092 0.092 0.092 0.092 0.092 0.092 0.092 0.12 0.092 0.092 0.092 0.092 0.092 0.092 0.092 0.092 0.092 0.092 0.092 0.092 0.092 0.092 0.092 0.092 0.092 0.092 0.092 0.092 0.092 0.092 0.092 0.092
====================gaussian
0 0.08 0.08 0.08 0.08 0.08 0.08 0.08 0.08 0.08 0.08 0.08 0.084 0.08 0.084 0.084 0.09 0.08 0.08 0.08 0.08 0.08 0.08 0.08 0.08 0.08 0.08 0.08 0.08 0.08 0.08 0.08 0.08 0.08 0.08 0.08 0.08 0.08 0.08 0.08 0.08 0.08 0.08 0.08 0.118 0.08 0.08 0.08 0.08 0.08 0.08 0.08 0.08 0.08 0.084 0.084 0.102 0.102 0.102 0.102 0.102 0.102 0.102 0.102 0.104 0.104 0.138 0.102 0.102 0.102 0.12 0.09 0.09 0.096 0.096 0.096 0.096 0.176 0.09 0.09 0.09 0.13 0.104 0.104 0.104 0.104 0.104 0.104 0.104 0.032 0.08 0.08 0.08 0.08 0.08 0.08 0.054 0.08 0.08 0.08 0.08 0.08 0.104 0.104 0.104 0.156 0.096 0.084 0.08 0.096 0.096 0.096 0.096 0.08 0.08 0.08 0.08 0.08 0.08 0.104 0.104
====================gaussian
0 0.106 0.106 0.106 0.106 0.106 0.106 0.106 0.106 0.106 0.106 0.106 0.106 0.106 0.106 0.106 0.106 0.106 0.106 0.106 0.09 0.09 0.09 0.106 0.106 0.09 0.09 0.09 0.09 0.09 0.09 0.09 0.09 0.09 0.09 0.09 0.09 0.09 0.09 0.09 0.09 0.09 0.09 0.09 0.09 0.09 0.156 0.106 0.106 0.106 0.094 0.094 0.094 0.094 0.1 0.1 0.1 0.094 0.094 0.094 0.094 0.094 0.094 0.094 0.094 0.094 0.094 0.094 0.094 0.094 0.094 0.094 0.094 0.094 0.094 0.094 0.094 0.094 0.094 0.094 0.094 0.094 0.094 0.094 0.094 0.094 0.094 0.094 0.094 0.094 0.094 0.094 0.094 0.094 0.094 0.094 0.094 0.094 0.094 0.094 0.094 0.094 0.094 0.094 0.094 0.094 0.094 0.1 0.1 0.094 0.094 0.094 0.094 0.094 0.094 0.094 0.094 0.094 0.094 0.094 0.094

====================model_negation
0 0.116 0.116 0.116 0.116 0.116 0.116 0.116 0.116 0.116 0.116 0.116 0.116 0.116 0.116 0.116 0.116 0.116 0.116 0.116 0.116 0.116 0.116 0.116 0.116 0.116 0.116 0.116 0.116 0.116 0.116 0.116 0.116 0.116 0.116 0.116 0.116 0.116 0.116 0.116 0.116 0.116 0.116 0.116 0.116 0.116 0.116 0.116 0.116 0.116 0.116 0.116 0.116 0.116 0.116 0.116 0.116 0.116 0.116 0.116 0.116 0.116 0.116 0.116 0.116 0.116 0.116 0.116 0.116 0.116 0.116 0.116 0.116 0.116 0.116 0.116 0.116 0.116 0.116 0.116 0.116 0.116 0.116 0.116 0.116 0.116 0.116 0.116 0.116 0.116 0.116 0.116 0.116 0.116 0.116 0.116 0.116 0.116 0.116 0.116 0.116 0.116 0.116 0.116 0.116 0.116 0.116 0.116 0.116 0.116 0.116 0.116 0.116 0.116 0.116 0.116 0.116 0.116 0.116 0.116 0.116 
====================model_negation
0 0.1 0.1 0.1 0.1 0.1 0.1 0.1 0.1 0.1 0.1 0.1 0.1 0.1 0.1 0.1 0.1 0.1 0.1 0.1 0.1 0.1 0.1 0.1 0.1 0.1 0.1 0.1 0.1 0.1 0.1 0.1 0.1 0.1 0.1 0.1 0.1 0.1 0.1 0.1 0.1 0.1 0.1 0.1 0.1 0.1 0.1 0.1 0.1 0.1 0.1 0.1 0.1 0.1 0.1 0.1 0.1 0.1 0.1 0.1 0.1 0.1 0.1 0.1 0.1 0.1 0.1 0.1 0.1 0.1 0.1 0.1 0.1 0.1 0.1 0.1 0.1 0.1 0.1 0.1 0.1 0.1 0.1 0.1 0.1 0.1 0.1 0.1 0.1 0.1 0.1 0.1 0.1 0.1 0.1 0.1 0.1 0.1 0.1 0.1 0.1 0.1 0.1 0.1 0.1 0.1 0.1 0.1 0.1 0.1 0.1 0.1 0.1 0.1 0.1 0.1 0.1 0.1 0.1 0.1 0.1 
====================model_negation
0 0.124 0.124 0.124 0.124 0.124 0.124 0.124 0.124 0.124 0.124 0.124 0.124 0.124 0.124 0.124 0.124 0.124 0.124 0.124 0.124 0.124 0.124 0.124 0.124 0.124 0.124 0.124 0.124 0.124 0.124 0.124 0.124 0.124 0.124 0.124 0.124 0.124 0.124 0.124 0.124 0.124 0.124 0.124 0.124 0.124 0.124 0.124 0.124 0.124 0.124 0.124 0.124 0.124 0.124 0.124 0.124 0.124 0.124 0.124 0.124 0.124 0.124 0.124 0.124 0.124 0.124 0.124 0.124 0.124 0.124 0.124 0.124 0.124 0.124 0.124 0.124 0.124 0.124 0.124 0.124 0.124 0.124 0.124 0.124 0.124 0.124 0.124 0.124 0.124 0.124 0.124 0.124 0.124 0.124 0.124 0.124 0.124 0.124 0.124 0.124 0.124 0.124 0.124 0.124 0.124 0.124 0.124 0.124 0.124 0.124 0.124 0.124 0.124 0.124 0.124 0.124 0.124 0.124 0.124 0.124 
====================model_negation
0 0.136 0.136 0.136 0.136 0.136 0.136 0.136 0.136 0.136 0.136 0.136 0.136 0.136 0.136 0.136 0.136 0.136 0.136 0.136 0.136 0.136 0.136 0.136 0.136 0.136 0.136 0.136 0.136 0.136 0.136 0.136 0.136 0.136 0.136 0.136 0.136 0.136 0.136 0.136 0.136 0.136 0.136 0.136 0.136 0.136 0.136 0.136 0.136 0.136 0.136 0.136 0.136 0.136 0.136 0.136 0.136 0.136 0.136 0.136 0.136 0.136 0.136 0.136 0.136 0.136 0.136 0.136 0.136 0.136 0.136 0.136 0.136 0.136 0.136 0.136 0.136 0.136 0.136 0.136 0.136 0.136 0.136 0.136 0.136 0.136 0.136 0.136 0.136 0.136 0.136 0.136 0.136 0.136 0.136 0.136 0.136 0.136 0.136 0.136 0.136 0.136 0.136 0.136 0.136 0.136 0.136 0.136 0.136 0.136 0.136 0.136 0.136 0.136 0.136 0.136 0.136 0.136 0.136 0.136 0.136 
====================model_negation
0 0.09 0.09 0.09 0.09 0.09 0.09 0.09 0.09 0.09 0.09 0.09 0.09 0.09 0.09 0.09 0.09 0.09 0.09 0.09 0.09 0.09 0.09 0.09 0.09 0.09 0.09 0.09 0.09 0.09 0.09 0.09 0.09 0.09 0.09 0.09 0.09 0.09 0.09 0.09 0.09 0.09 0.09 0.09 0.09 0.09 0.09 0.09 0.09 0.09 0.09 0.09 0.09 0.09 0.09 0.09 0.09 0.09 0.09 0.09 0.09 0.09 0.09 0.09 0.09 0.09 0.09 0.09 0.09 0.09 0.09 0.09 0.09 0.09 0.09 0.09 0.09 0.09 0.09 0.09 0.09 0.09 0.09 0.09 0.09 0.09 0.09 0.09 0.09 0.09 0.09 0.09 0.09 0.09 0.09 0.09 0.09 0.09 0.09 0.09 0.09 0.09 0.09 0.09 0.09 0.09 0.09 0.09 0.09 0.09 0.09 0.09 0.09 0.09 0.09 0.09 0.09 0.09 0.09 0.09 0.09 
====================model_negation
0 0.116 0.116 0.116 0.116 0.116 0.116 0.116 0.116 0.116 0.116 0.116 0.116 0.116 0.116 0.116 0.116 0.116 0.116 0.116 0.116 0.116 0.116 0.116 0.116 0.116 0.116 0.116 0.116 0.116 0.116 0.116 0.116 0.116 0.116 0.116 0.116 0.116 0.116 0.116 0.116 0.116 0.116 0.116 0.116 0.116 0.116 0.116 0.116 0.116 0.116 0.116 0.116 0.116 0.116 0.116 0.116 0.116 0.116 0.116 0.116 0.116 0.116 0.116 0.116 0.116 0.116 0.116 0.116 0.116 0.116 0.116 0.116 0.116 0.116 0.116 0.116 0.116 0.116 0.116 0.116 0.116 0.116 0.116 0.116 0.116 0.116 0.116 0.116 0.116 0.116 0.116 0.116 0.116 0.116 0.116 0.116 0.116 0.116 0.116 0.116 0.116 0.116 0.116 0.116 0.116 0.116 0.116 0.116 0.116 0.116 0.116 0.116 0.116 0.116 0.116 0.116 0.116 0.116 0.116 0.116 
====================model_negation
0 0.096 0.096 0.096 0.096 0.096 0.096 0.096 0.096 0.096 0.096 0.096 0.096 0.096 0.096 0.096 0.096 0.096 0.096 0.096 0.096 0.096 0.096 0.096 0.096 0.096 0.096 0.096 0.096 0.096 0.096 0.096 0.096 0.096 0.096 0.096 0.096 0.096 0.096 0.096 0.096 0.096 0.096 0.096 0.096 0.096 0.096 0.096 0.096 0.096 0.096 0.096 0.096 0.096 0.096 0.096 0.096 0.096 0.096 0.096 0.096 0.096 0.096 0.096 0.096 0.096 0.096 0.096 0.096 0.096 0.096 0.096 0.096 0.096 0.096 0.096 0.096 0.096 0.096 0.096 0.096 0.096 0.096 0.096 0.096 0.096 0.096 0.096 0.096 0.096 0.096 0.096 0.096 0.096 0.096 0.096 0.096 0.096 0.096 0.096 0.096 0.096 0.096 0.096 0.096 0.096 0.096 0.096 0.096 0.096 0.096 0.096 0.096 0.096 0.096 0.096 0.096 0.096 0.096 0.096 0.096 
====================model_negation
0 0.096 0.096 0.096 0.096 0.096 0.096 0.096 0.096 0.096 0.096 0.096 0.096 0.096 0.096 0.096 0.096 0.096 0.096 0.096 0.096 0.096 0.096 0.096 0.096 0.096 0.096 0.096 0.096 0.096 0.096 0.096 0.096 0.096 0.096 0.096 0.096 0.096 0.096 0.096 0.096 0.096 0.096 0.096 0.096 0.096 0.096 0.096 0.096 0.096 0.096 0.096 0.096 0.096 0.096 0.096 0.096 0.096 0.096 0.096 0.096 0.096 0.096 0.096 0.096 0.096 0.096 0.096 0.096 0.096 0.096 0.096 0.096 0.096 0.096 0.096 0.096 0.096 0.096 0.096 0.096 0.096 0.096 0.096 0.096 0.096 0.096 0.096 0.096 0.096 0.096 0.096 0.096 0.096 0.096 0.096 0.096 0.096 0.096 0.096 0.096 0.096 0.096 0.096 0.096 0.096 0.096 0.096 0.096 0.096 0.096 0.096 0.096 0.096 0.096 0.096 0.096 0.096 0.096 0.096 0.096 
====================model_negation
0 0.102 0.102 0.102 0.102 0.102 0.102 0.102 0.102 0.102 0.102 0.102 0.102 0.102 0.102 0.102 0.102 0.102 0.102 0.102 0.102 0.102 0.102 0.102 0.102 0.102 0.102 0.102 0.102 0.102 0.102 0.102 0.102 0.102 0.102 0.102 0.102 0.102 0.102 0.102 0.102 0.102 0.102 0.102 0.102 0.102 0.102 0.102 0.102 0.102 0.102 0.102 0.102 0.102 0.102 0.102 0.102 0.102 0.102 0.102 0.102 0.102 0.102 0.102 0.102 0.102 0.102 0.102 0.102 0.102 0.102 0.102 0.102 0.102 0.102 0.102 0.102 0.102 0.102 0.102 0.102 0.102 0.102 0.102 0.102 0.102 0.102 0.102 0.102 0.102 0.102 0.102 0.102 0.102 0.102 0.102 0.102 0.102 0.102 0.102 0.102 0.102 0.102 0.102 0.102 0.102 0.102 0.102 0.102 0.102 0.102 0.102 0.102 0.102 0.102 0.102 0.102 0.102 0.102 0.102 0.102 
====================model_negation
0 0.108 0.108 0.108 0.108 0.108 0.108 0.108 0.108 0.108 0.108 0.108 0.108 0.108 0.108 0.108 0.108 0.108 0.108 0.108 0.108 0.108 0.108 0.108 0.108 0.108 0.108 0.108 0.108 0.108 0.108 0.108 0.108 0.108 0.108 0.108 0.108 0.108 0.108 0.108 0.108 0.108 0.108 0.108 0.108 0.108 0.108 0.108 0.108 0.108 0.108 0.108 0.108 0.108 0.108 0.108 0.108 0.108 0.108 0.108 0.108 0.108 0.108 0.108 0.108 0.108 0.108 0.108 0.108 0.108 0.108 0.108 0.108 0.108 0.108 0.108 0.108 0.108 0.108 0.108 0.108 0.108 0.108 0.108 0.108 0.108 0.108 0.108 0.108 0.108 0.108 0.108 0.108 0.108 0.108 0.108 0.108 0.108 0.108 0.108 0.108 0.108 0.108 0.108 0.108 0.108 0.108 0.108 0.108 0.108 0.108 0.108 0.108 0.108 0.108 0.108 0.108 0.108 0.108 0.108 0.108 

====================model_negation
0 0.116 0.116 0.116 0.116 0.116 0.116 0.116 0.116 0.116 0.116 0.116 0.116 0.116 0.116 0.116 0.116 0.116 0.116 0.116 0.116 0.116 0.116 0.116 0.116 0.116 0.116 0.116 0.116 0.116 0.116 0.116 0.116 0.116 0.116 0.116 0.116 0.116 0.116 0.116 0.116 0.116 0.116 0.116 0.116 0.116 0.116 0.116 0.116 0.116 0.116 0.116 0.116 0.116 0.116 0.116 0.116 0.116 0.116 0.116 0.116 0.116 0.116 0.116 0.116 0.116 0.116 0.116 0.116 0.116 0.116 0.116 0.116 0.116 0.116 0.116 0.116 0.116 0.116 0.116 0.116 0.116 0.116 0.116 0.116 0.116 0.116 0.116 0.116 0.116 0.116 0.116 0.116 0.116 0.116 0.116 0.116 0.116 0.116 0.116 0.116 0.116 0.116 0.116 0.116 0.116 0.116 0.116 0.116 0.116 0.116 0.116 0.116 0.116 0.116 0.116 0.116 0.116 0.116 0.116 0.116
====================model_negation
0 0.1 0.1 0.1 0.1 0.1 0.1 0.1 0.1 0.1 0.1 0.1 0.1 0.1 0.1 0.1 0.1 0.1 0.1 0.1 0.1 0.1 0.1 0.1 0.1 0.1 0.1 0.1 0.1 0.1 0.1 0.1 0.1 0.1 0.1 0.1 0.1 0.1 0.1 0.1 0.1 0.1 0.1 0.1 0.1 0.1 0.1 0.1 0.1 0.1 0.1 0.1 0.1 0.1 0.1 0.1 0.1 0.1 0.1 0.1 0.1 0.1 0.1 0.1 0.1 0.1 0.1 0.1 0.1 0.1 0.1 0.1 0.1 0.1 0.1 0.1 0.1 0.1 0.1 0.1 0.1 0.1 0.1 0.1 0.1 0.1 0.1 0.1 0.1 0.1 0.1 0.1 0.1 0.1 0.1 0.1 0.1 0.1 0.1 0.1 0.1 0.1 0.1 0.1 0.1 0.1 0.1 0.1 0.1 0.1 0.1 0.1 0.1 0.1 0.1 0.1 0.1 0.1 0.1 0.1 0.1
====================model_negation
0 0.124 0.124 0.124 0.124 0.124 0.124 0.124 0.124 0.124 0.124 0.124 0.124 0.124 0.124 0.124 0.124 0.124 0.124 0.124 0.124 0.124 0.124 0.124 0.124 0.124 0.124 0.124 0.124 0.124 0.124 0.124 0.124 0.124 0.124 0.124 0.124 0.124 0.124 0.124 0.124 0.124 0.124 0.124 0.124 0.124 0.124 0.124 0.124 0.124 0.124 0.124 0.124 0.124 0.124 0.124 0.124 0.124 0.124 0.124 0.124 0.124 0.124 0.124 0.124 0.124 0.124 0.124 0.124 0.124 0.124 0.124 0.124 0.124 0.124 0.124 0.124 0.124 0.124 0.124 0.124 0.124 0.124 0.124 0.124 0.124 0.124 0.124 0.124 0.124 0.124 0.124 0.124 0.124 0.124 0.124 0.124 0.124 0.124 0.124 0.124 0.124 0.124 0.124 0.124 0.124 0.124 0.124 0.124 0.124 0.124 0.124 0.124 0.124 0.124 0.124 0.124 0.124 0.124 0.124 0.124
====================model_negation
0 0.136 0.136 0.136 0.136 0.136 0.136 0.136 0.136 0.136 0.136 0.136 0.136 0.136 0.136 0.136 0.136 0.136 0.136 0.136 0.136 0.136 0.136 0.136 0.136 0.136 0.136 0.136 0.136 0.136 0.136 0.136 0.136 0.136 0.136 0.136 0.136 0.136 0.136 0.136 0.136 0.136 0.136 0.136 0.136 0.136 0.136 0.136 0.136 0.136 0.136 0.136 0.136 0.136 0.136 0.136 0.136 0.136 0.136 0.136 0.136 0.136 0.136 0.136 0.136 0.136 0.136 0.136 0.136 0.136 0.136 0.136 0.136 0.136 0.136 0.136 0.136 0.136 0.136 0.136 0.136 0.136 0.136 0.136 0.136 0.136 0.136 0.136 0.136 0.136 0.136 0.136 0.136 0.136 0.136 0.136 0.136 0.136 0.136 0.136 0.136 0.136 0.136 0.136 0.136 0.136 0.136 0.136 0.136 0.136 0.136 0.136 0.136 0.136 0.136 0.136 0.136 0.136 0.136 0.136 0.136
====================model_negation
0 0.09 0.09 0.09 0.09 0.09 0.09 0.09 0.09 0.09 0.09 0.09 0.09 0.09 0.09 0.09 0.09 0.09 0.09 0.09 0.09 0.09 0.09 0.09 0.09 0.09 0.09 0.09 0.09 0.09 0.09 0.09 0.09 0.09 0.09 0.09 0.09 0.09 0.09 0.09 0.09 0.09 0.09 0.09 0.09 0.09 0.09 0.09 0.09 0.09 0.09 0.09 0.09 0.09 0.09 0.09 0.09 0.09 0.09 0.09 0.09 0.09 0.09 0.09 0.09 0.09 0.09 0.09 0.09 0.09 0.09 0.09 0.09 0.09 0.09 0.09 0.09 0.09 0.09 0.09 0.09 0.09 0.09 0.09 0.09 0.09 0.09 0.09 0.09 0.09 0.09 0.09 0.09 0.09 0.09 0.09 0.09 0.09 0.09 0.09 0.09 0.09 0.09 0.09 0.09 0.09 0.09 0.09 0.09 0.09 0.09 0.09 0.09 0.09 0.09 0.09 0.09 0.09 0.09 0.09 0.09
====================model_negation
0 0.116 0.116 0.116 0.116 0.116 0.116 0.116 0.116 0.116 0.116 0.116 0.116 0.116 0.116 0.116 0.116 0.116 0.116 0.116 0.116 0.116 0.116 0.116 0.116 0.116 0.116 0.116 0.116 0.116 0.116 0.116 0.116 0.116 0.116 0.116 0.116 0.116 0.116 0.116 0.116 0.116 0.116 0.116 0.116 0.116 0.116 0.116 0.116 0.116 0.116 0.116 0.116 0.116 0.116 0.116 0.116 0.116 0.116 0.116 0.116 0.116 0.116 0.116 0.116 0.116 0.116 0.116 0.116 0.116 0.116 0.116 0.116 0.116 0.116 0.116 0.116 0.116 0.116 0.116 0.116 0.116 0.116 0.116 0.116 0.116 0.116 0.116 0.116 0.116 0.116 0.116 0.116 0.116 0.116 0.116 0.116 0.116 0.116 0.116 0.116 0.116 0.116 0.116 0.116 0.116 0.116 0.116 0.116 0.116 0.116 0.116 0.116 0.116 0.116 0.116 0.116 0.116 0.116 0.116 0.116
====================model_negation
0 0.096 0.096 0.096 0.096 0.096 0.096 0.096 0.096 0.096 0.096 0.096 0.096 0.096 0.096 0.096 0.096 0.096 0.096 0.096 0.096 0.096 0.096 0.096 0.096 0.096 0.096 0.096 0.096 0.096 0.096 0.096 0.096 0.096 0.096 0.096 0.096 0.096 0.096 0.096 0.096 0.096 0.096 0.096 0.096 0.096 0.096 0.096 0.096 0.096 0.096 0.096 0.096 0.096 0.096 0.096 0.096 0.096 0.096 0.096 0.096 0.096 0.096 0.096 0.096 0.096 0.096 0.096 0.096 0.096 0.096 0.096 0.096 0.096 0.096 0.096 0.096 0.096 0.096 0.096 0.096 0.096 0.096 0.096 0.096 0.096 0.096 0.096 0.096 0.096 0.096 0.096 0.096 0.096 0.096 0.096 0.096 0.096 0.096 0.096 0.096 0.096 0.096 0.096 0.096 0.096 0.096 0.096 0.096 0.096 0.096 0.096 0.096 0.096 0.096 0.096 0.096 0.096 0.096 0.096 0.096
====================model_negation
0 0.096 0.096 0.096 0.096 0.096 0.096 0.096 0.096 0.096 0.096 0.096 0.096 0.096 0.096 0.096 0.096 0.096 0.096 0.096 0.096 0.096 0.096 0.096 0.096 0.096 0.096 0.096 0.096 0.096 0.096 0.096 0.096 0.096 0.096 0.096 0.096 0.096 0.096 0.096 0.096 0.096 0.096 0.096 0.096 0.096 0.096 0.096 0.096 0.096 0.096 0.096 0.096 0.096 0.096 0.096 0.096 0.096 0.096 0.096 0.096 0.096 0.096 0.096 0.096 0.096 0.096 0.096 0.096 0.096 0.096 0.096 0.096 0.096 0.096 0.096 0.096 0.096 0.096 0.096 0.096 0.096 0.096 0.096 0.096 0.096 0.096 0.096 0.096 0.096 0.096 0.096 0.096 0.096 0.096 0.096 0.096 0.096 0.096 0.096 0.096 0.096 0.096 0.096 0.096 0.096 0.096 0.096 0.096 0.096 0.096 0.096 0.096 0.096 0.096 0.096 0.096 0.096 0.096 0.096 0.096
====================model_negation
0 0.102 0.102 0.102 0.102 0.102 0.102 0.102 0.102 0.102 0.102 0.102 0.102 0.102 0.102 0.102 0.102 0.102 0.102 0.102 0.102 0.102 0.102 0.102 0.102 0.102 0.102 0.102 0.102 0.102 0.102 0.102 0.102 0.102 0.102 0.102 0.102 0.102 0.102 0.102 0.102 0.102 0.102 0.102 0.102 0.102 0.102 0.102 0.102 0.102 0.102 0.102 0.102 0.102 0.102 0.102 0.102 0.102 0.102 0.102 0.102 0.102 0.102 0.102 0.102 0.102 0.102 0.102 0.102 0.102 0.102 0.102 0.102 0.102 0.102 0.102 0.102 0.102 0.102 0.102 0.102 0.102 0.102 0.102 0.102 0.102 0.102 0.102 0.102 0.102 0.102 0.102 0.102 0.102 0.102 0.102 0.102 0.102 0.102 0.102 0.102 0.102 0.102 0.102 0.102 0.102 0.102 0.102 0.102 0.102 0.102 0.102 0.102 0.102 0.102 0.102 0.102 0.102 0.102 0.102 0.102
====================model_negation
0 0.108 0.108 0.108 0.108 0.108 0.108 0.108 0.108 0.108 0.108 0.108 0.108 0.108 0.108 0.108 0.108 0.108 0.108 0.108 0.108 0.108 0.108 0.108 0.108 0.108 0.108 0.108 0.108 0.108 0.108 0.108 0.108 0.108 0.108 0.108 0.108 0.108 0.108 0.108 0.108 0.108 0.108 0.108 0.108 0.108 0.108 0.108 0.108 0.108 0.108 0.108 0.108 0.108 0.108 0.108 0.108 0.108 0.108 0.108 0.108 0.108 0.108 0.108 0.108 0.108 0.108 0.108 0.108 0.108 0.108 0.108 0.108 0.108 0.108 0.108 0.108 0.108 0.108 0.108 0.108 0.108 0.108 0.108 0.108 0.108 0.108 0.108 0.108 0.108 0.108 0.108 0.108 0.108 0.108 0.108 0.108 0.108 0.108 0.108 0.108 0.108 0.108 0.108 0.108 0.108 0.108 0.108 0.108 0.108 0.108 0.108 0.108 0.108 0.108 0.108 0.108 0.108 0.108 0.108 0.108

====================model_negation
0 0.116 0.116 0.116 0.116 0.116 0.116 0.116 0.116 0.116 0.116 0.116 0.116 0.116 0.116 0.116 0.116 0.116 0.116 0.116 0.116 0.116 0.116 0.116 0.116 0.116 0.116 0.116 0.116 0.116 0.116 0.116 0.116 0.116 0.116 0.116 0.116 0.116 0.116 0.116 0.116 0.116 0.116 0.116 0.116 0.116 0.116 0.116 0.116 0.116 0.116 0.116 0.116 0.116 0.116 0.116 0.116 0.116 0.116 0.116 0.116 0.116 0.116 0.116 0.116 0.116 0.116 0.116 0.116 0.116 0.116 0.116 0.116 0.116 0.116 0.116 0.116 0.116 0.116 0.116 0.116 0.116 0.116 0.116 0.116 0.116 0.116 0.116 0.116 0.116 0.116 0.116 0.116 0.116 0.116 0.116 0.116 0.116 0.116 0.116 0.116 0.116 0.116 0.116 0.116 0.116 0.116 0.116 0.116 0.116 0.116 0.116 0.116 0.116 0.116 0.116 0.116 0.116 0.116 0.116 0.116
====================model_negation
0 0.1 0.1 0.1 0.1 0.1 0.1 0.1 0.1 0.1 0.1 0.1 0.1 0.1 0.1 0.1 0.1 0.1 0.1 0.1 0.1 0.1 0.1 0.1 0.1 0.1 0.1 0.1 0.1 0.1 0.1 0.1 0.1 0.1 0.1 0.1 0.1 0.1 0.1 0.1 0.1 0.1 0.1 0.1 0.1 0.1 0.1 0.1 0.1 0.1 0.1 0.1 0.1 0.1 0.1 0.1 0.1 0.1 0.1 0.1 0.1 0.1 0.1 0.1 0.1 0.1 0.1 0.1 0.1 0.1 0.1 0.1 0.1 0.1 0.1 0.1 0.1 0.1 0.1 0.1 0.1 0.1 0.1 0.1 0.1 0.1 0.1 0.1 0.1 0.1 0.1 0.1 0.1 0.1 0.1 0.1 0.1 0.1 0.1 0.1 0.1 0.1 0.1 0.1 0.1 0.1 0.1 0.1 0.1 0.1 0.1 0.1 0.1 0.1 0.1 0.1 0.1 0.1 0.1 0.1 0.1
====================model_negation
0 0.124 0.124 0.124 0.124 0.124 0.124 0.124 0.124 0.124 0.124 0.124 0.124 0.124 0.124 0.124 0.124 0.124 0.124 0.124 0.124 0.124 0.124 0.124 0.124 0.124 0.124 0.124 0.124 0.124 0.124 0.124 0.124 0.124 0.124 0.124 0.124 0.124 0.124 0.124 0.124 0.124 0.124 0.124 0.124 0.124 0.124 0.124 0.124 0.124 0.124 0.124 0.124 0.124 0.124 0.124 0.124 0.124 0.124 0.124 0.124 0.124 0.124 0.124 0.124 0.124 0.124 0.124 0.124 0.124 0.124 0.124 0.124 0.124 0.124 0.124 0.124 0.124 0.124 0.124 0.124 0.124 0.124 0.124 0.124 0.124 0.124 0.124 0.124 0.124 0.124 0.124 0.124 0.124 0.124 0.124 0.124 0.124 0.124 0.124 0.124 0.124 0.124 0.124 0.124 0.124 0.124 0.124 0.124 0.124 0.124 0.124 0.124 0.124 0.124 0.124 0.124 0.124 0.124 0.124 0.124
====================model_negation
0 0.136 0.136 0.136 0.136 0.136 0.136 0.136 0.136 0.136 0.136 0.136 0.136 0.136 0.136 0.136 0.136 0.136 0.136 0.136 0.136 0.136 0.136 0.136 0.136 0.136 0.136 0.136 0.136 0.136 0.136 0.136 0.136 0.136 0.136 0.136 0.136 0.136 0.136 0.136 0.136 0.136 0.136 0.136 0.136 0.136 0.136 0.136 0.136 0.136 0.136 0.136 0.136 0.136 0.136 0.136 0.136 0.136 0.136 0.136 0.136 0.136 0.136 0.136 0.136 0.136 0.136 0.136 0.136 0.136 0.136 0.136 0.136 0.136 0.136 0.136 0.136 0.136 0.136 0.136 0.136 0.136 0.136 0.136 0.136 0.136 0.136 0.136 0.136 0.136 0.136 0.136 0.136 0.136 0.136 0.136 0.136 0.136 0.136 0.136 0.136 0.136 0.136 0.136 0.136 0.136 0.136 0.136 0.136 0.136 0.136 0.136 0.136 0.136 0.136 0.136 0.136 0.136 0.136 0.136 0.136
====================model_negation
0 0.09 0.09 0.09 0.09 0.09 0.09 0.09 0.09 0.09 0.09 0.09 0.09 0.09 0.09 0.09 0.09 0.09 0.09 0.09 0.09 0.09 0.09 0.09 0.09 0.09 0.09 0.09 0.09 0.09 0.09 0.09 0.09 0.09 0.09 0.09 0.09 0.09 0.09 0.09 0.09 0.09 0.09 0.09 0.09 0.09 0.09 0.09 0.09 0.09 0.09 0.09 0.09 0.09 0.09 0.09 0.09 0.09 0.09 0.09 0.09 0.09 0.09 0.09 0.09 0.09 0.09 0.09 0.09 0.09 0.09 0.09 0.09 0.09 0.09 0.09 0.09 0.09 0.09 0.09 0.09 0.09 0.09 0.09 0.09 0.09 0.09 0.09 0.09 0.09 0.09 0.09 0.09 0.09 0.09 0.09 0.09 0.09 0.09 0.09 0.09 0.09 0.09 0.09 0.09 0.09 0.09 0.09 0.09 0.09 0.09 0.09 0.09 0.09 0.09 0.09 0.09 0.09 0.09 0.09 0.09
====================model_negation
0 0.116 0.116 0.116 0.116 0.116 0.116 0.116 0.116 0.116 0.116 0.116 0.116 0.116 0.116 0.116 0.116 0.116 0.116 0.116 0.116 0.116 0.116 0.116 0.116 0.116 0.116 0.116 0.116 0.116 0.116 0.116 0.116 0.116 0.116 0.116 0.116 0.116 0.116 0.116 0.116 0.116 0.116 0.116 0.116 0.116 0.116 0.116 0.116 0.116 0.116 0.116 0.116 0.116 0.116 0.116 0.116 0.116 0.116 0.116 0.116 0.116 0.116 0.116 0.116 0.116 0.116 0.116 0.116 0.116 0.116 0.116 0.116 0.116 0.116 0.116 0.116 0.116 0.116 0.116 0.116 0.116 0.116 0.116 0.116 0.116 0.116 0.116 0.116 0.116 0.116 0.116 0.116 0.116 0.116 0.116 0.116 0.116 0.116 0.116 0.116 0.116 0.116 0.116 0.116 0.116 0.116 0.116 0.116 0.116 0.116 0.116 0.116 0.116 0.116 0.116 0.116 0.116 0.116 0.116 0.116
====================model_negation
0 0.096 0.096 0.096 0.096 0.096 0.096 0.096 0.096 0.096 0.096 0.096 0.096 0.096 0.096 0.096 0.096 0.096 0.096 0.096 0.096 0.096 0.096 0.096 0.096 0.096 0.096 0.096 0.096 0.096 0.096 0.096 0.096 0.096 0.096 0.096 0.096 0.096 0.096 0.096 0.096 0.096 0.096 0.096 0.096 0.096 0.096 0.096 0.096 0.096 0.096 0.096 0.096 0.096 0.096 0.096 0.096 0.096 0.096 0.096 0.096 0.096 0.096 0.096 0.096 0.096 0.096 0.096 0.096 0.096 0.096 0.096 0.096 0.096 0.096 0.096 0.096 0.096 0.096 0.096 0.096 0.096 0.096 0.096 0.096 0.096 0.096 0.096 0.096 0.096 0.096 0.096 0.096 0.096 0.096 0.096 0.096 0.096 0.096 0.096 0.096 0.096 0.096 0.096 0.096 0.096 0.096 0.096 0.096 0.096 0.096 0.096 0.096 0.096 0.096 0.096 0.096 0.096 0.096 0.096 0.096
====================model_negation
0 0.096 0.096 0.096 0.096 0.096 0.096 0.096 0.096 0.096 0.096 0.096 0.096 0.096 0.096 0.096 0.096 0.096 0.096 0.096 0.096 0.096 0.096 0.096 0.096 0.096 0.096 0.096 0.096 0.096 0.096 0.096 0.096 0.096 0.096 0.096 0.096 0.096 0.096 0.096 0.096 0.096 0.096 0.096 0.096 0.096 0.096 0.096 0.096 0.096 0.096 0.096 0.096 0.096 0.096 0.096 0.096 0.096 0.096 0.096 0.096 0.096 0.096 0.096 0.096 0.096 0.096 0.096 0.096 0.096 0.096 0.096 0.096 0.096 0.096 0.096 0.096 0.096 0.096 0.096 0.096 0.096 0.096 0.096 0.096 0.096 0.096 0.096 0.096 0.096 0.096 0.096 0.096 0.096 0.096 0.096 0.096 0.096 0.096 0.096 0.096 0.096 0.096 0.096 0.096 0.096 0.096 0.096 0.096 0.096 0.096 0.096 0.096 0.096 0.096 0.096 0.096 0.096 0.096 0.096 0.096
====================model_negation
0 0.102 0.102 0.102 0.102 0.102 0.102 0.102 0.102 0.102 0.102 0.102 0.102 0.102 0.102 0.102 0.102 0.102 0.102 0.102 0.102 0.102 0.102 0.102 0.102 0.102 0.102 0.102 0.102 0.102 0.102 0.102 0.102 0.102 0.102 0.102 0.102 0.102 0.102 0.102 0.102 0.102 0.102 0.102 0.102 0.102 0.102 0.102 0.102 0.102 0.102 0.102 0.102 0.102 0.102 0.102 0.102 0.102 0.102 0.102 0.102 0.102 0.102 0.102 0.102 0.102 0.102 0.102 0.102 0.102 0.102 0.102 0.102 0.102 0.102 0.102 0.102 0.102 0.102 0.102 0.102 0.102 0.102 0.102 0.102 0.102 0.102 0.102 0.102 0.102 0.102 0.102 0.102 0.102 0.102 0.102 0.102 0.102 0.102 0.102 0.102 0.102 0.102 0.102 0.102 0.102 0.102 0.102 0.102 0.102 0.102 0.102 0.102 0.102 0.102 0.102 0.102 0.102 0.102 0.102 0.102
====================model_negation
0 0.108 0.108 0.108 0.108 0.108 0.108 0.108 0.108 0.108 0.108 0.108 0.108 0.108 0.108 0.108 0.108 0.108 0.108 0.108 0.108 0.108 0.108 0.108 0.108 0.108 0.108 0.108 0.108 0.108 0.108 0.108 0.108 0.108 0.108 0.108 0.108 0.108 0.108 0.108 0.108 0.108 0.108 0.108 0.108 0.108 0.108 0.108 0.108 0.108 0.108 0.108 0.108 0.108 0.108 0.108 0.108 0.108 0.108 0.108 0.108 0.108 0.108 0.108 0.108 0.108 0.108 0.108 0.108 0.108 0.108 0.108 0.108 0.108 0.108 0.108 0.108 0.108 0.108 0.108 0.108 0.108 0.108 0.108 0.108 0.108 0.108 0.108 0.108 0.108 0.108 0.108 0.108 0.108 0.108 0.108 0.108 0.108 0.108 0.108 0.108 0.108 0.108 0.108 0.108 0.108 0.108 0.108 0.108 0.108 0.108 0.108 0.108 0.108 0.108 0.108 0.108 0.108 0.108 0.108 0.108

====================grad_scale
0 0.116 0.116 0.104 0.106 0.104 0.172 0.228 0.178 0.208 0.27 0.312 0.404 0.39 0.462 0.512 0.568 0.606 0.636 0.642 0.65 0.652 0.666 0.676 0.668 0.67 0.66 0.674 0.67 0.652 0.678 0.686 0.67 0.712 0.686 0.692 0.672 0.696 0.72 0.684 0.71 0.714 0.7 0.72 0.72 0.75 0.714 0.746 0.724 0.746 0.736 0.732 0.734 0.726 0.71 0.748 0.73 0.744 0.744 0.754 0.738 0.764 0.746 0.75 0.76 0.788 0.754 0.766 0.784 0.788 0.766 0.76 0.77 0.768 0.782 0.78 0.77 0.798 0.734 0.798 0.762 0.786 0.778 0.792 0.778 0.784 0.806 0.786 0.77 0.776 0.748 0.786 0.786 0.794 0.768 0.798 0.804 0.808 0.798 0.81 0.776 0.76 0.8 0.81 0.792 0.818 0.792 0.768 0.782 0.798 0.806 0.804 0.798 0.794 0.766 0.77 0.81 0.814 0.758 0.798 0.79 
====================grad_scale
0 0.108 0.084 0.084 0.108 0.108 0.184 0.198 0.222 0.23 0.244 0.294 0.334 0.418 0.414 0.396 0.406 0.534 0.542 0.564 0.606 0.608 0.64 0.63 0.63 0.664 0.634 0.654 0.634 0.602 0.664 0.654 0.646 0.672 0.648 0.66 0.632 0.65 0.69 0.65 0.686 0.674 0.67 0.652 0.7 0.7 0.692 0.71 0.68 0.698 0.716 0.7 0.694 0.72 0.672 0.698 0.694 0.694 0.706 0.712 0.706 0.712 0.714 0.726 0.718 0.744 0.696 0.754 0.736 0.75 0.722 0.728 0.742 0.714 0.768 0.758 0.734 0.766 0.714 0.778 0.732 0.782 0.744 0.762 0.756 0.752 0.782 0.754 0.758 0.764 0.75 0.782 0.772 0.768 0.784 0.764 0.774 0.796 0.764 0.792 0.772 0.774 0.792 0.776 0.766 0.782 0.766 0.792 0.79 0.792 0.788 0.788 0.792 0.762 0.776 0.77 0.79 0.796 0.764 0.804 0.778 
====================grad_scale
0 0.094 0.072 0.072 0.072 0.072 0.072 0.23 0.206 0.218 0.26 0.39 0.428 0.464 0.524 0.56 0.568 0.594 0.578 0.582 0.606 0.598 0.642 0.612 0.672 0.63 0.676 0.658 0.656 0.65 0.676 0.67 0.666 0.666 0.692 0.644 0.652 0.658 0.712 0.688 0.708 0.702 0.706 0.678 0.718 0.696 0.722 0.724 0.678 0.714 0.738 0.712 0.722 0.712 0.71 0.74 0.712 0.72 0.744 0.744 0.744 0.746 0.738 0.748 0.742 0.756 0.74 0.726 0.772 0.752 0.77 0.744 0.748 0.76 0.756 0.728 0.78 0.784 0.744 0.78 0.772 0.768 0.78 0.786 0.786 0.774 0.752 0.782 0.778 0.784 0.78 0.788 0.776 0.786 0.764 0.782 0.784 0.786 0.782 0.796 0.79 0.792 0.79 0.79 0.784 0.78 0.786 0.788 0.796 0.792 0.792 0.792 0.79 0.786 0.794 0.792 0.798 0.79 0.786 0.802 0.79 
====================grad_scale
0 0.12 0.12 0.12 0.12 0.12 0.12 0.12 0.206 0.226 0.342 0.402 0.418 0.478 0.44 0.44 0.468 0.546 0.566 0.584 0.596 0.554 0.632 0.612 0.642 0.624 0.632 0.63 0.634 0.63 0.634 0.652 0.642 0.652 0.644 0.67 0.64 0.652 0.668 0.65 0.672 0.654 0.666 0.666 0.658 0.684 0.678 0.67 0.67 0.674 0.686 0.678 0.68 0.686 0.666 0.692 0.694 0.698 0.7 0.712 0.706 0.716 0.71 0.716 0.714 0.728 0.692 0.704 0.724 0.746 0.706 0.704 0.716 0.706 0.732 0.732 0.732 0.754 0.714 0.734 0.71 0.746 0.734 0.762 0.752 0.736 0.742 0.736 0.738 0.74 0.726 0.75 0.74 0.756 0.752 0.766 0.782 0.764 0.754 0.774 0.744 0.738 0.762 0.768 0.772 0.802 0.758 0.744 0.746 0.752 0.752 0.764 0.77 0.764 0.746 0.742 0.756 0.756 0.736 0.764 0.748 
====================grad_scale
0 0.104 0.104 0.104 0.104 0.176 0.18 0.184 0.204 0.226 0.234 0.318 0.442 0.458 0.478 0.504 0.496 0.528 0.54 0.57 0.584 0.558 0.606 0.64 0.638 0.646 0.62 0.624 0.666 0.65 0.652 0.668 0.64 0.696 0.668 0.712 0.682 0.678 0.742 0.658 0.718 0.686 0.724 0.708 0.732 0.686 0.714 0.738 0.73 0.734 0.724 0.732 0.746 0.738 0.728 0.764 0.734 0.744 0.758 0.752 0.75 0.756 0.752 0.75 0.756 0.756 0.738 0.758 0.768 0.764 0.746 0.744 0.75 0.744 0.782 0.754 0.744 0.77 0.732 0.782 0.762 0.778 0.746 0.78 0.77 0.768 0.77 0.768 0.756 0.778 0.756 0.778 0.782 0.792 0.776 0.786 0.79 0.804 0.76 0.802 0.786 0.788 0.806 0.78 0.794 0.79 0.788 0.782 0.794 0.804 0.802 0.802 0.79 0.796 0.788 0.78 0.802 0.802 0.788 0.82 0.786 
====================grad_scale
0 0.106 0.104 0.104 0.106 0.106 0.096 0.188 0.26 0.288 0.348 0.434 0.488 0.478 0.506 0.516 0.516 0.54 0.584 0.598 0.618 0.638 0.628 0.662 0.66 0.652 0.672 0.676 0.686 0.672 0.684 0.662 0.68 0.67 0.68 0.676 0.694 0.682 0.7 0.666 0.698 0.684 0.684 0.692 0.702 0.672 0.678 0.706 0.68 0.708 0.714 0.67 0.712 0.71 0.688 0.72 0.708 0.712 0.728 0.716 0.73 0.724 0.744 0.732 0.732 0.744 0.732 0.724 0.746 0.73 0.754 0.742 0.744 0.748 0.744 0.734 0.742 0.754 0.704 0.76 0.734 0.766 0.75 0.764 0.758 0.76 0.742 0.758 0.752 0.756 0.756 0.76 0.754 0.756 0.74 0.76 0.754 0.756 0.748 0.758 0.746 0.75 0.768 0.756 0.76 0.76 0.762 0.758 0.758 0.766 0.762 0.756 0.764 0.778 0.75 0.758 0.764 0.77 0.744 0.776 0.756 
====================grad_scale
0 0.1 0.1 0.1 0.1 0.1 0.1 0.114 0.212 0.246 0.292 0.368 0.394 0.388 0.47 0.5 0.51 0.546 0.556 0.6 0.638 0.636 0.648 0.642 0.634 0.662 0.652 0.662 0.654 0.626 0.674 0.668 0.674 0.682 0.672 0.678 0.676 0.682 0.694 0.666 0.694 0.7 0.68 0.702 0.7 0.706 0.704 0.716 0.688 0.704 0.736 0.7 0.712 0.706 0.688 0.722 0.71 0.706 0.73 0.734 0.734 0.732 0.75 0.75 0.744 0.756 0.74 0.728 0.768 0.754 0.754 0.748 0.744 0.756 0.766 0.744 0.762 0.776 0.728 0.772 0.762 0.762 0.77 0.792 0.784 0.776 0.74 0.774 0.762 0.78 0.766 0.778 0.776 0.796 0.758 0.792 0.778 0.792 0.78 0.796 0.788 0.776 0.778 0.78 0.786 0.782 0.786 0.774 0.776 0.784 0.792 0.786 0.782 0.802 0.79 0.784 0.8 0.79 0.778 0.804 0.784 
====================grad_scale
0 0.092 0.124 0.092 0.056 0.19 0.228 0.246 0.186 0.194 0.278 0.33 0.35 0.368 0.42 0.422 0.428 0.508 0.51 0.55 0.594 0.57 0.61 0.636 0.614 0.658 0.598 0.638 0.658 0.63 0.66 0.67 0.648 0.706 0.672 0.684 0.664 0.678 0.73 0.66 0.698 0.698 0.692 0.712 0.718 0.7 0.708 0.734 0.7 0.75 0.698 0.718 0.74 0.724 0.726 0.744 0.734 0.756 0.73 0.724 0.74 0.738 0.742 0.732 0.742 0.772 0.774 0.784 0.772 0.75 0.774 0.786 0.778 0.774 0.794 0.778 0.788 0.772 0.736 0.784 0.782 0.78 0.76 0.782 0.78 0.79 0.78 0.79 0.77 0.782 0.764 0.784 0.778 0.788 0.764 0.786 0.774 0.778 0.778 0.782 0.774 0.774 0.778 0.778 0.764 0.776 0.776 0.79 0.788 0.79 0.788 0.778 0.784 0.768 0.782 0.77 0.788 0.784 0.77 0.792 0.776 
====================grad_scale
0 0.08 0.102 0.102 0.08 0.08 0.156 0.16 0.168 0.188 0.232 0.366 0.404 0.414 0.458 0.472 0.486 0.508 0.528 0.542 0.56 0.56 0.586 0.608 0.612 0.616 0.614 0.622 0.652 0.616 0.654 0.634 0.634 0.674 0.642 0.66 0.652 0.646 0.702 0.624 0.692 0.686 0.66 0.692 0.708 0.666 0.676 0.728 0.684 0.726 0.71 0.694 0.73 0.698 0.692 0.73 0.688 0.716 0.712 0.708 0.708 0.712 0.716 0.706 0.728 0.74 0.714 0.714 0.74 0.736 0.742 0.72 0.71 0.726 0.748 0.718 0.742 0.758 0.71 0.754 0.73 0.752 0.748 0.76 0.75 0.748 0.75 0.742 0.754 0.756 0.748 0.76 0.754 0.778 0.73 0.764 0.75 0.782 0.758 0.766 0.756 0.77 0.76 0.77 0.768 0.758 0.76 0.742 0.764 0.778 0.776 0.774 0.776 0.766 0.77 0.764 0.782 0.778 0.764 0.788 0.78 
====================grad_scale
0 0.1 0.1 0.088 0.1 0.122 0.118 0.14 0.22 0.232 0.256 0.386 0.438 0.438 0.502 0.516 0.554 0.58 0.576 0.592 0.63 0.618 0.642 0.64 0.654 0.654 0.638 0.654 0.646 0.64 0.652 0.658 0.664 0.664 0.674 0.664 0.656 0.678 0.688 0.686 0.694 0.68 0.686 0.682 0.688 0.698 0.712 0.7 0.68 0.686 0.702 0.686 0.696 0.706 0.688 0.72 0.712 0.702 0.726 0.738 0.714 0.744 0.738 0.732 0.742 0.748 0.7 0.696 0.754 0.746 0.722 0.724 0.738 0.724 0.734 0.722 0.722 0.758 0.714 0.748 0.714 0.744 0.736 0.758 0.738 0.73 0.722 0.734 0.736 0.744 0.716 0.74 0.742 0.752 0.73 0.756 0.766 0.758 0.744 0.772 0.74 0.724 0.748 0.746 0.76 0.77 0.746 0.72 0.73 0.738 0.734 0.74 0.752 0.772 0.736 0.732 0.736 0.736 0.718 0.754 0.722 

====================grad_scale
0 0.08 0.08 0.08 0.08 0.08 0.08 0.08 0.08 0.128 0.216 0.29 0.376 0.484 0.49 0.504 0.532 0.522 0.562 0.57 0.554 0.568 0.606 0.636 0.622 0.608 0.658 0.628 0.676 0.654 0.668 0.684 0.676 0.734 0.728 0.67 0.69 0.682 0.718 0.69 0.732 0.706 0.682 0.67 0.686 0.682 0.702 0.728 0.698 0.678 0.698 0.71 0.72 0.726 0.694 0.694 0.712 0.704 0.716 0.712 0.72 0.694 0.724 0.726 0.72 0.728 0.716 0.674 0.682 0.728 0.75 0.766 0.734 0.754 0.738 0.724 0.746 0.752 0.746 0.762 0.746 0.742 0.726 0.726 0.7 0.748 0.762 0.766 0.786 0.774 0.776 0.734 0.724 0.738 0.76 0.772 0.77 0.768 0.746 0.732 0.738 0.74 0.764 0.77 0.74 0.726 0.73 0.748 0.754 0.726 0.728 0.758 0.762 0.776 0.782 0.776 0.756 0.778 0.748 0.778 0.788 
====================grad_scale
0 0.072 0.072 0.072 0.072 0.072 0.072 0.128 0.142 0.18 0.244 0.288 0.374 0.41 0.396 0.458 0.446 0.458 0.464 0.508 0.532 0.504 0.536 0.538 0.52 0.508 0.542 0.532 0.572 0.578 0.528 0.55 0.532 0.608 0.596 0.486 0.582 0.574 0.586 0.534 0.568 0.566 0.504 0.508 0.544 0.556 0.506 0.576 0.552 0.534 0.544 0.566 0.612 0.592 0.532 0.572 0.59 0.57 0.55 0.572 0.582 0.588 0.572 0.594 0.604 0.62 0.594 0.558 0.552 0.612 0.704 0.636 0.632 0.68 0.662 0.612 0.656 0.664 0.662 0.7 0.67 0.628 0.64 0.646 0.646 0.66 0.676 0.672 0.728 0.738 0.692 0.658 0.612 0.68 0.704 0.706 0.716 0.714 0.678 0.654 0.694 0.714 0.688 0.718 0.692 0.674 0.66 0.726 0.74 0.662 0.68 0.726 0.71 0.744 0.756 0.714 0.7 0.728 0.722 0.724 0.664 
====================grad_scale
0 0.094 0.08 0.08 0.08 0.08 0.08 0.08 0.16 0.178 0.266 0.274 0.432 0.518 0.512 0.516 0.542 0.566 0.562 0.568 0.588 0.598 0.602 0.588 0.62 0.604 0.636 0.622 0.652 0.668 0.648 0.64 0.66 0.652 0.664 0.636 0.658 0.654 0.67 0.652 0.656 0.652 0.652 0.644 0.66 0.668 0.656 0.664 0.674 0.648 0.68 0.668 0.68 0.676 0.662 0.684 0.692 0.686 0.672 0.688 0.684 0.702 0.688 0.69 0.704 0.71 0.688 0.678 0.688 0.69 0.752 0.688 0.736 0.724 0.728 0.716 0.736 0.736 0.72 0.748 0.748 0.724 0.74 0.73 0.752 0.756 0.728 0.748 0.766 0.738 0.754 0.748 0.724 0.754 0.756 0.762 0.774 0.768 0.754 0.754 0.736 0.772 0.758 0.77 0.758 0.766 0.744 0.776 0.778 0.742 0.766 0.776 0.768 0.774 0.758 0.782 0.774 0.76 0.788 0.782 0.742 
====================grad_scale
0 0.072 0.072 0.072 0.072 0.072 0.072 0.136 0.134 0.186 0.226 0.328 0.382 0.466 0.518 0.536 0.534 0.552 0.58 0.588 0.602 0.6 0.6 0.608 0.638 0.62 0.656 0.648 0.634 0.672 0.658 0.67 0.69 0.676 0.682 0.684 0.668 0.658 0.696 0.7 0.686 0.682 0.654 0.66 0.672 0.686 0.684 0.716 0.694 0.662 0.712 0.678 0.686 0.706 0.676 0.724 0.682 0.712 0.712 0.702 0.712 0.698 0.716 0.728 0.73 0.716 0.732 0.698 0.722 0.746 0.736 0.766 0.764 0.756 0.758 0.756 0.742 0.766 0.764 0.734 0.758 0.756 0.756 0.736 0.72 0.764 0.776 0.782 0.776 0.768 0.778 0.742 0.746 0.742 0.774 0.774 0.774 0.782 0.756 0.74 0.752 0.736 0.766 0.772 0.774 0.726 0.746 0.742 0.762 0.742 0.732 0.752 0.76 0.772 0.786 0.782 0.77 0.78 0.756 0.784 0.772 
====================grad_scale
0 0.084 0.084 0.084 0.084 0.084 0.084 0.084 0.084 0.138 0.206 0.328 0.374 0.454 0.426 0.452 0.446 0.446 0.472 0.534 0.53 0.52 0.556 0.578 0.596 0.538 0.62 0.59 0.67 0.628 0.626 0.622 0.618 0.7 0.702 0.602 0.654 0.67 0.682 0.636 0.688 0.65 0.616 0.6 0.648 0.636 0.626 0.68 0.646 0.638 0.65 0.646 0.7 0.702 0.66 0.646 0.666 0.662 0.64 0.656 0.704 0.67 0.668 0.678 0.674 0.706 0.678 0.624 0.644 0.7 0.742 0.7 0.68 0.74 0.73 0.684 0.72 0.73 0.702 0.744 0.718 0.706 0.698 0.682 0.704 0.716 0.72 0.716 0.754 0.764 0.746 0.718 0.644 0.708 0.74 0.726 0.748 0.73 0.684 0.688 0.698 0.742 0.706 0.726 0.696 0.692 0.682 0.728 0.752 0.672 0.702 0.738 0.726 0.734 0.756 0.728 0.698 0.726 0.706 0.746 0.696 
====================grad_scale
0 0.106 0.1 0.1 0.106 0.1 0.1 0.106 0.106 0.196 0.192 0.33 0.406 0.472 0.48 0.526 0.512 0.538 0.564 0.556 0.626 0.612 0.624 0.656 0.664 0.662 0.692 0.71 0.69 0.71 0.72 0.72 0.726 0.72 0.726 0.716 0.718 0.724 0.736 0.748 0.736 0.746 0.736 0.732 0.722 0.73 0.734 0.76 0.748 0.738 0.748 0.746 0.736 0.754 0.744 0.744 0.75 0.752 0.742 0.742 0.746 0.748 0.756 0.75 0.742 0.762 0.744 0.74 0.728 0.752 0.78 0.768 0.766 0.784 0.772 0.756 0.77 0.8 0.768 0.776 0.78 0.762 0.766 0.768 0.76 0.768 0.792 0.802 0.8 0.798 0.804 0.766 0.762 0.772 0.798 0.798 0.804 0.8 0.792 0.772 0.774 0.782 0.796 0.806 0.806 0.766 0.77 0.798 0.806 0.776 0.762 0.8 0.8 0.812 0.814 0.806 0.794 0.808 0.794 0.812 0.786 
====================grad_scale
0 0.116 0.094 0.094 0.116 0.116 0.116 0.116 0.126 0.206 0.24 0.298 0.354 0.398 0.452 0.466 0.468 0.478 0.484 0.506 0.522 0.514 0.532 0.532 0.554 0.538 0.574 0.572 0.59 0.616 0.582 0.588 0.59 0.656 0.624 0.58 0.61 0.608 0.636 0.598 0.634 0.614 0.588 0.582 0.61 0.604 0.6 0.632 0.616 0.61 0.61 0.618 0.658 0.656 0.626 0.63 0.65 0.634 0.628 0.638 0.638 0.646 0.642 0.646 0.652 0.66 0.646 0.62 0.626 0.654 0.71 0.656 0.678 0.692 0.686 0.65 0.68 0.688 0.694 0.728 0.688 0.66 0.672 0.674 0.682 0.688 0.69 0.708 0.75 0.734 0.728 0.686 0.674 0.704 0.72 0.714 0.74 0.728 0.692 0.69 0.698 0.728 0.71 0.726 0.724 0.692 0.694 0.704 0.738 0.696 0.702 0.726 0.736 0.752 0.758 0.744 0.73 0.754 0.728 0.762 0.714 
====================grad_scale
0 0.092 0.092 0.092 0.092 0.092 0.092 0.092 0.092 0.146 0.176 0.234 0.294 0.336 0.324 0.396 0.36 0.404 0.416 0.452 0.468 0.434 0.468 0.432 0.498 0.452 0.53 0.508 0.538 0.54 0.52 0.522 0.534 0.634 0.58 0.522 0.548 0.566 0.598 0.548 0.59 0.572 0.55 0.536 0.552 0.554 0.556 0.616 0.584 0.538 0.572 0.588 0.636 0.622 0.566 0.602 0.618 0.592 0.578 0.582 0.618 0.614 0.6 0.628 0.618 0.638 0.624 0.562 0.558 0.636 0.702 0.652 0.642 0.714 0.674 0.628 0.692 0.68 0.68 0.742 0.666 0.65 0.658 0.64 0.67 0.674 0.674 0.698 0.77 0.744 0.722 0.676 0.61 0.684 0.708 0.718 0.736 0.726 0.664 0.676 0.652 0.728 0.68 0.712 0.68 0.666 0.646 0.72 0.736 0.646 0.68 0.722 0.712 0.72 0.732 0.73 0.688 0.688 0.702 0.728 0.684 
====================grad_scale
0 0.104 0.104 0.104 0.104 0.104 0.104 0.104 0.104 0.138 0.204 0.296 0.414 0.498 0.488 0.518 0.522 0.518 0.538 0.574 0.576 0.564 0.586 0.568 0.62 0.596 0.644 0.648 0.656 0.654 0.662 0.664 0.658 0.704 0.704 0.652 0.674 0.666 0.686 0.678 0.682 0.678 0.652 0.648 0.646 0.654 0.662 0.678 0.662 0.646 0.666 0.666 0.69 0.694 0.666 0.67 0.664 0.67 0.664 0.66 0.676 0.668 0.664 0.67 0.676 0.682 0.652 0.654 0.664 0.7 0.748 0.712 0.71 0.732 0.714 0.686 0.692 0.722 0.708 0.748 0.708 0.698 0.688 0.674 0.67 0.708 0.724 0.73 0.78 0.752 0.738 0.694 0.656 0.676 0.716 0.724 0.752 0.742 0.694 0.688 0.708 0.72 0.702 0.73 0.712 0.68 0.664 0.724 0.722 0.668 0.694 0.73 0.734 0.746 0.754 0.752 0.704 0.73 0.71 0.742 0.698 
====================grad_scale
0 0.096 0.096 0.096 0.096 0.096 0.096 0.096 0.096 0.164 0.224 0.338 0.392 0.462 0.466 0.526 0.518 0.524 0.544 0.586 0.596 0.584 0.598 0.62 0.614 0.62 0.638 0.644 0.66 0.648 0.658 0.672 0.67 0.694 0.698 0.628 0.68 0.674 0.7 0.686 0.7 0.688 0.642 0.636 0.694 0.682 0.666 0.698 0.68 0.684 0.682 0.7 0.726 0.72 0.702 0.7 0.728 0.702 0.706 0.704 0.724 0.698 0.714 0.716 0.71 0.738 0.714 0.69 0.674 0.758 0.778 0.738 0.732 0.784 0.754 0.73 0.758 0.774 0.74 0.798 0.762 0.762 0.746 0.758 0.732 0.77 0.78 0.776 0.796 0.792 0.788 0.76 0.744 0.756 0.796 0.792 0.798 0.796 0.762 0.77 0.754 0.79 0.774 0.79 0.76 0.77 0.756 0.784 0.798 0.754 0.772 0.792 0.802 0.786 0.812 0.79 0.76 0.8 0.788 0.79 0.776 

====================grad_scale
0 0.094 0.108 0.094 0.094 0.108 0.122 0.174 0.256 0.392 0.428 0.446 0.442 0.468 0.486 0.468 0.508 0.538 0.548 0.498 0.558 0.554 0.568 0.582 0.566 0.608 0.636 0.608 0.646 0.668 0.68 0.682 0.686 0.684 0.66 0.66 0.686 0.7 0.698 0.708 0.706 0.704 0.718 0.728 0.698 0.694 0.716 0.72 0.698 0.704 0.732 0.718 0.73 0.71 0.718 0.744 0.726 0.73 0.744 0.742 0.746 0.754 0.724 0.724 0.736 0.704 0.758 0.716 0.746 0.744 0.734 0.738 0.748 0.738 0.74 0.734 0.746 0.726 0.744 0.728 0.746 0.736 0.732 0.74 0.734 0.77 0.762 0.748 0.736 0.748 0.76 0.744 0.756 0.74 0.748 0.758 0.752 0.744 0.744 0.752 0.746 0.752 0.768 0.762 0.758 0.772 0.766 0.772 0.742 0.76 0.76 0.77 0.752 0.788 0.73 0.78 0.772 0.776 0.782 0.776 0.78 
====================grad_scale
0 0.114 0.088 0.088 0.088 0.088 0.182 0.176 0.288 0.386 0.38 0.426 0.498 0.53 0.54 0.55 0.56 0.604 0.58 0.604 0.616 0.634 0.608 0.632 0.628 0.65 0.65 0.628 0.664 0.654 0.65 0.662 0.654 0.664 0.648 0.652 0.658 0.664 0.664 0.66 0.67 0.674 0.676 0.682 0.67 0.662 0.676 0.684 0.66 0.69 0.678 0.68 0.708 0.682 0.696 0.714 0.71 0.71 0.7 0.704 0.714 0.698 0.698 0.706 0.712 0.68 0.702 0.694 0.706 0.7 0.714 0.71 0.7 0.712 0.704 0.698 0.692 0.7 0.72 0.682 0.712 0.718 0.684 0.718 0.716 0.726 0.712 0.71 0.706 0.706 0.724 0.716 0.712 0.728 0.704 0.704 0.708 0.726 0.71 0.692 0.714 0.71 0.73 0.732 0.724 0.72 0.7 0.724 0.74 0.746 0.728 0.746 0.708 0.732 0.72 0.722 0.736 0.748 0.734 0.726 0.74 
====================grad_scale
0 0.084 0.084 0.084 0.084 0.084 0.084 0.084 0.234 0.206 0.252 0.334 0.352 0.41 0.466 0.502 0.496 0.584 0.566 0.544 0.572 0.548 0.562 0.594 0.614 0.642 0.65 0.546 0.634 0.662 0.638 0.628 0.666 0.634 0.61 0.626 0.644 0.664 0.668 0.672 0.642 0.686 0.656 0.69 0.656 0.666 0.658 0.66 0.65 0.654 0.68 0.67 0.676 0.69 0.676 0.68 0.678 0.676 0.684 0.688 0.67 0.68 0.676 0.664 0.684 0.68 0.698 0.65 0.706 0.704 0.696 0.654 0.724 0.692 0.678 0.706 0.686 0.704 0.682 0.736 0.682 0.678 0.714 0.708 0.718 0.734 0.696 0.744 0.692 0.71 0.708 0.716 0.71 0.692 0.718 0.736 0.734 0.706 0.706 0.74 0.708 0.74 0.72 0.728 0.734 0.72 0.74 0.734 0.718 0.724 0.754 0.724 0.706 0.756 0.7 0.738 0.75 0.718 0.742 0.734 0.732 
====================grad_scale
0 0.094 0.106 0.094 0.094 0.1 0.046 0.212 0.286 0.356 0.374 0.4 0.408 0.424 0.444 0.432 0.488 0.598 0.596 0.528 0.626 0.642 0.572 0.618 0.634 0.654 0.662 0.552 0.674 0.67 0.616 0.592 0.676 0.61 0.66 0.624 0.66 0.694 0.648 0.606 0.606 0.676 0.674 0.672 0.682 0.658 0.612 0.562 0.618 0.62 0.634 0.678 0.66 0.68 0.72 0.69 0.682 0.702 0.716 0.698 0.686 0.722 0.702 0.7 0.698 0.672 0.696 0.67 0.714 0.694 0.704 0.694 0.698 0.7 0.71 0.694 0.698 0.69 0.672 0.704 0.674 0.682 0.714 0.686 0.71 0.742 0.72 0.732 0.684 0.686 0.732 0.712 0.718 0.678 0.724 0.72 0.732 0.68 0.7 0.698 0.698 0.732 0.718 0.724 0.712 0.71 0.716 0.722 0.716 0.724 0.744 0.726 0.7 0.746 0.7 0.718 0.73 0.73 0.748 0.726 0.73 
====================grad_scale
0 0.12 0.102 0.08 0.08 0.102 0.086 0.152 0.222 0.252 0.306 0.408 0.38 0.416 0.442 0.426 0.428 0.542 0.524 0.46 0.548 0.586 0.518 0.584 0.586 0.64 0.67 0.556 0.636 0.68 0.654 0.662 0.71 0.668 0.652 0.652 0.672 0.712 0.714 0.716 0.69 0.728 0.72 0.712 0.72 0.716 0.71 0.692 0.718 0.712 0.726 0.722 0.712 0.75 0.722 0.74 0.732 0.726 0.752 0.74 0.7 0.74 0.734 0.736 0.752 0.754 0.736 0.73 0.75 0.762 0.728 0.724 0.774 0.742 0.736 0.754 0.742 0.738 0.73 0.764 0.718 0.722 0.782 0.748 0.756 0.742 0.73 0.762 0.746 0.758 0.74 0.74 0.748 0.74 0.762 0.768 0.766 0.74 0.762 0.756 0.738 0.762 0.736 0.744 0.74 0.76 0.758 0.762 0.738 0.734 0.744 0.742 0.714 0.758 0.738 0.768 0.762 0.738 0.75 0.756 0.752 
====================grad_scale
0 0.072 0.106 0.102 0.106 0.102 0.224 0.228 0.386 0.368 0.426 0.442 0.48 0.538 0.546 0.534 0.542 0.6 0.652 0.602 0.676 0.63 0.666 0.698 0.692 0.722 0.738 0.644 0.734 0.73 0.714 0.692 0.722 0.712 0.706 0.688 0.728 0.756 0.726 0.7 0.696 0.728 0.744 0.756 0.762 0.724 0.704 0.662 0.706 0.73 0.698 0.754 0.74 0.746 0.762 0.76 0.75 0.77 0.782 0.758 0.734 0.776 0.774 0.76 0.758 0.75 0.764 0.738 0.776 0.77 0.75 0.75 0.776 0.756 0.756 0.754 0.758 0.76 0.746 0.752 0.772 0.752 0.772 0.744 0.75 0.792 0.74 0.762 0.748 0.778 0.748 0.742 0.8 0.762 0.78 0.756 0.764 0.748 0.756 0.73 0.766 0.784 0.732 0.77 0.756 0.788 0.748 0.762 0.76 0.75 0.778 0.766 0.7 0.782 0.746 0.75 0.768 0.752 0.764 0.768 0.758 
====================grad_scale
0 0.116 0.1 0.1 0.116 0.1 0.08 0.19 0.206 0.364 0.396 0.478 0.492 0.506 0.498 0.538 0.542 0.618 0.608 0.598 0.644 0.642 0.626 0.666 0.662 0.678 0.694 0.648 0.688 0.698 0.692 0.702 0.702 0.7 0.652 0.654 0.67 0.698 0.72 0.718 0.708 0.716 0.724 0.706 0.716 0.718 0.726 0.72 0.712 0.71 0.722 0.738 0.728 0.728 0.714 0.728 0.736 0.732 0.726 0.736 0.736 0.732 0.726 0.726 0.744 0.734 0.748 0.738 0.738 0.742 0.738 0.716 0.752 0.73 0.744 0.75 0.744 0.746 0.744 0.736 0.76 0.748 0.746 0.748 0.738 0.75 0.73 0.754 0.754 0.746 0.732 0.75 0.758 0.756 0.758 0.756 0.76 0.762 0.746 0.76 0.752 0.748 0.748 0.758 0.758 0.768 0.738 0.77 0.752 0.762 0.746 0.76 0.738 0.762 0.742 0.762 0.76 0.754 0.76 0.76 0.766 
====================grad_scale
0 0.102 0.102 0.102 0.102 0.102 0.102 0.116 0.174 0.254 0.322 0.376 0.35 0.354 0.386 0.39 0.42 0.492 0.544 0.49 0.578 0.5 0.58 0.598 0.566 0.594 0.594 0.578 0.566 0.596 0.554 0.58 0.61 0.564 0.57 0.584 0.566 0.598 0.59 0.594 0.592 0.634 0.598 0.606 0.608 0.638 0.592 0.576 0.632 0.59 0.61 0.634 0.59 0.632 0.634 0.62 0.602 0.622 0.644 0.596 0.586 0.646 0.61 0.602 0.654 0.638 0.648 0.58 0.662 0.654 0.62 0.614 0.674 0.63 0.64 0.654 0.656 0.624 0.64 0.676 0.656 0.646 0.668 0.63 0.638 0.676 0.614 0.658 0.664 0.684 0.65 0.622 0.68 0.664 0.678 0.672 0.656 0.684 0.69 0.662 0.69 0.672 0.66 0.678 0.664 0.716 0.686 0.68 0.694 0.694 0.668 0.708 0.612 0.694 0.694 0.684 0.696 0.692 0.696 0.7 0.696 
====================grad_scale
0 0.114 0.104 0.104 0.114 0.088 0.13 0.19 0.404 0.442 0.448 0.484 0.498 0.478 0.52 0.544 0.556 0.62 0.606 0.566 0.626 0.614 0.622 0.654 0.644 0.662 0.676 0.66 0.676 0.72 0.66 0.692 0.696 0.69 0.716 0.706 0.71 0.708 0.682 0.704 0.714 0.732 0.702 0.728 0.72 0.738 0.706 0.708 0.726 0.718 0.744 0.724 0.722 0.744 0.758 0.75 0.73 0.732 0.758 0.742 0.726 0.76 0.74 0.734 0.754 0.766 0.762 0.728 0.76 0.766 0.744 0.73 0.774 0.754 0.744 0.768 0.76 0.738 0.774 0.78 0.756 0.76 0.778 0.764 0.772 0.772 0.762 0.776 0.754 0.77 0.766 0.768 0.768 0.76 0.784 0.784 0.78 0.774 0.78 0.77 0.77 0.774 0.784 0.772 0.77 0.778 0.778 0.78 0.766 0.772 0.792 0.778 0.784 0.792 0.766 0.792 0.778 0.782 0.802 0.772 0.79 
====================grad_scale
0 0.106 0.122 0.106 0.106 0.09 0.148 0.226 0.174 0.294 0.316 0.324 0.394 0.4 0.398 0.38 0.386 0.444 0.472 0.42 0.504 0.57 0.524 0.512 0.56 0.638 0.652 0.496 0.63 0.664 0.556 0.55 0.68 0.554 0.584 0.588 0.626 0.676 0.664 0.63 0.576 0.67 0.672 0.666 0.69 0.624 0.592 0.556 0.606 0.616 0.626 0.67 0.636 0.694 0.714 0.704 0.704 0.716 0.732 0.73 0.694 0.74 0.728 0.702 0.702 0.696 0.696 0.688 0.72 0.744 0.712 0.672 0.754 0.7 0.732 0.71 0.688 0.73 0.656 0.738 0.694 0.688 0.762 0.704 0.736 0.752 0.72 0.758 0.71 0.738 0.73 0.75 0.74 0.704 0.752 0.758 0.764 0.706 0.736 0.718 0.706 0.768 0.734 0.74 0.752 0.752 0.738 0.766 0.73 0.744 0.768 0.736 0.738 0.772 0.692 0.756 0.764 0.75 0.76 0.752 0.752 


====================label_inverse
0 0.106 0.094 0.094 0.094 0.094 0.094 0.094 0.128 0.094 0.128 0.094 0.094 0.128 0.094 0.094 0.128 0.094 0.094 0.094 0.094 0.174 0.176 0.182 0.2 0.246 0.256 0.312 0.328 0.342 0.372 0.388 0.426 0.516 0.616 0.63 0.662 0.69 0.702 0.73 0.726 0.734 0.744 0.764 0.766 0.77 0.776 0.772 0.772 0.772 0.78 0.794 0.782 0.794 0.782 0.792 0.802 0.794 0.806 0.818 0.808 0.828 0.818 0.828 0.824 0.818 0.826 0.832 0.824 0.836 0.836 0.842 0.834 0.83 0.834 0.838 0.838 0.84 0.842 0.84 0.846 0.846 0.838 0.834 0.85 0.848 0.84 0.858 0.85 0.84 0.846 0.852 0.84 0.844 0.854 0.85 0.854 0.85 0.848 0.854 0.86 0.854 0.854 0.842 0.848 0.856 0.854 0.864 0.858 0.856 0.854 0.864 0.862 0.854 0.86 0.86 0.86 0.864 0.86 0.86 0.854 
====================label_inverse
0 0.1 0.096 0.096 0.096 0.088 0.096 0.096 0.096 0.096 0.096 0.088 0.088 0.096 0.096 0.088 0.088 0.1 0.1 0.12 0.094 0.254 0.198 0.206 0.212 0.214 0.302 0.346 0.366 0.382 0.398 0.452 0.444 0.46 0.522 0.6 0.69 0.718 0.736 0.748 0.754 0.762 0.764 0.776 0.782 0.798 0.796 0.774 0.79 0.802 0.786 0.792 0.79 0.79 0.796 0.822 0.804 0.816 0.824 0.82 0.83 0.812 0.832 0.836 0.834 0.838 0.844 0.832 0.844 0.844 0.836 0.85 0.84 0.846 0.852 0.852 0.856 0.848 0.852 0.848 0.848 0.858 0.858 0.852 0.86 0.86 0.854 0.86 0.864 0.864 0.862 0.86 0.852 0.862 0.86 0.866 0.864 0.864 0.858 0.868 0.86 0.852 0.864 0.86 0.854 0.862 0.862 0.862 0.86 0.858 0.862 0.862 0.858 0.852 0.856 0.864 0.86 0.856 0.85 0.856 0.862 
====================label_inverse
0 0.11 0.11 0.09 0.09 0.09 0.09 0.116 0.116 0.116 0.116 0.116 0.116 0.116 0.116 0.116 0.116 0.116 0.116 0.116 0.156 0.174 0.208 0.204 0.208 0.242 0.312 0.358 0.414 0.406 0.442 0.446 0.484 0.538 0.578 0.65 0.702 0.722 0.73 0.75 0.77 0.77 0.782 0.798 0.802 0.804 0.8 0.8 0.808 0.816 0.826 0.824 0.828 0.846 0.838 0.824 0.844 0.836 0.836 0.84 0.84 0.836 0.842 0.846 0.846 0.84 0.848 0.852 0.852 0.85 0.848 0.84 0.856 0.858 0.85 0.856 0.862 0.86 0.86 0.852 0.862 0.858 0.862 0.858 0.862 0.87 0.866 0.866 0.878 0.866 0.868 0.866 0.866 0.868 0.874 0.88 0.872 0.866 0.874 0.872 0.87 0.882 0.868 0.874 0.878 0.874 0.876 0.88 0.882 0.876 0.876 0.884 0.882 0.88 0.88 0.882 0.872 0.878 0.874 0.872 0.876 
====================label_inverse
0 0.098 0.116 0.116 0.116 0.116 0.116 0.098 0.098 0.098 0.098 0.098 0.098 0.098 0.116 0.098 0.098 0.098 0.098 0.116 0.19 0.194 0.198 0.196 0.204 0.196 0.224 0.318 0.384 0.396 0.422 0.462 0.486 0.496 0.576 0.672 0.71 0.718 0.75 0.75 0.762 0.782 0.792 0.812 0.81 0.816 0.824 0.818 0.826 0.824 0.838 0.836 0.828 0.824 0.836 0.832 0.842 0.838 0.842 0.838 0.842 0.834 0.84 0.846 0.846 0.856 0.846 0.84 0.85 0.848 0.84 0.85 0.844 0.852 0.848 0.844 0.852 0.848 0.852 0.842 0.846 0.846 0.852 0.848 0.844 0.848 0.838 0.854 0.846 0.84 0.854 0.85 0.852 0.838 0.85 0.856 0.85 0.856 0.856 0.852 0.852 0.856 0.85 0.856 0.86 0.854 0.856 0.86 0.856 0.854 0.852 0.854 0.86 0.852 0.856 0.854 0.85 0.858 0.854 0.85 0.858 
====================label_inverse
0 0.096 0.09 0.09 0.09 0.09 0.09 0.104 0.104 0.104 0.104 0.09 0.104 0.104 0.104 0.104 0.104 0.104 0.104 0.192 0.142 0.244 0.19 0.2 0.208 0.21 0.256 0.284 0.322 0.35 0.38 0.428 0.514 0.518 0.656 0.666 0.698 0.722 0.742 0.746 0.77 0.766 0.78 0.776 0.78 0.77 0.78 0.77 0.78 0.788 0.786 0.788 0.786 0.802 0.8 0.8 0.804 0.8 0.814 0.812 0.82 0.818 0.822 0.818 0.812 0.81 0.824 0.824 0.824 0.828 0.826 0.822 0.834 0.84 0.832 0.836 0.836 0.842 0.844 0.836 0.848 0.846 0.844 0.832 0.852 0.848 0.85 0.846 0.85 0.848 0.846 0.852 0.858 0.846 0.856 0.856 0.842 0.848 0.858 0.85 0.856 0.852 0.856 0.848 0.854 0.852 0.85 0.862 0.856 0.852 0.854 0.854 0.854 0.858 0.854 0.854 0.852 0.852 0.854 0.858 0.856 
====================label_inverse
0 0.124 0.124 0.124 0.124 0.124 0.124 0.124 0.124 0.124 0.124 0.124 0.124 0.124 0.124 0.124 0.124 0.124 0.124 0.124 0.214 0.214 0.238 0.222 0.218 0.228 0.212 0.326 0.34 0.402 0.462 0.464 0.486 0.498 0.578 0.644 0.69 0.726 0.734 0.746 0.746 0.772 0.798 0.808 0.806 0.814 0.816 0.814 0.822 0.816 0.824 0.824 0.826 0.832 0.828 0.83 0.842 0.836 0.846 0.85 0.846 0.848 0.856 0.85 0.85 0.838 0.848 0.856 0.846 0.85 0.852 0.852 0.856 0.85 0.85 0.854 0.856 0.858 0.856 0.862 0.862 0.864 0.852 0.844 0.854 0.858 0.862 0.856 0.842 0.856 0.858 0.86 0.862 0.844 0.858 0.852 0.844 0.848 0.84 0.842 0.854 0.846 0.854 0.842 0.846 0.848 0.848 0.854 0.854 0.846 0.852 0.85 0.85 0.846 0.856 0.852 0.85 0.854 0.856 0.856 0.852 
====================label_inverse
0 0.118 0.118 0.094 0.096 0.096 0.118 0.118 0.118 0.118 0.118 0.118 0.118 0.118 0.118 0.118 0.118 0.118 0.118 0.118 0.118 0.198 0.22 0.188 0.192 0.218 0.28 0.344 0.352 0.412 0.47 0.466 0.494 0.49 0.57 0.61 0.67 0.696 0.728 0.74 0.752 0.746 0.764 0.774 0.782 0.784 0.79 0.796 0.794 0.792 0.79 0.8 0.804 0.798 0.804 0.804 0.81 0.812 0.802 0.826 0.83 0.81 0.824 0.834 0.82 0.81 0.826 0.838 0.832 0.844 0.844 0.826 0.848 0.844 0.836 0.844 0.846 0.85 0.85 0.844 0.842 0.838 0.844 0.834 0.848 0.844 0.85 0.85 0.848 0.85 0.858 0.846 0.846 0.854 0.86 0.846 0.848 0.838 0.844 0.852 0.848 0.85 0.842 0.854 0.84 0.846 0.84 0.848 0.85 0.846 0.844 0.844 0.85 0.85 0.85 0.85 0.854 0.856 0.842 0.85 0.85 
====================label_inverse
0 0.104 0.104 0.104 0.104 0.104 0.104 0.104 0.104 0.104 0.104 0.104 0.104 0.104 0.104 0.104 0.104 0.104 0.104 0.104 0.112 0.232 0.202 0.208 0.25 0.216 0.24 0.302 0.326 0.366 0.404 0.442 0.406 0.482 0.54 0.652 0.718 0.74 0.728 0.736 0.754 0.762 0.772 0.77 0.776 0.788 0.792 0.796 0.802 0.798 0.806 0.804 0.804 0.804 0.82 0.82 0.82 0.83 0.826 0.822 0.834 0.824 0.834 0.836 0.836 0.832 0.838 0.832 0.834 0.844 0.842 0.84 0.85 0.844 0.84 0.846 0.84 0.852 0.844 0.858 0.856 0.846 0.854 0.86 0.852 0.846 0.856 0.86 0.842 0.862 0.858 0.862 0.866 0.854 0.862 0.856 0.864 0.862 0.862 0.86 0.86 0.864 0.872 0.864 0.868 0.86 0.872 0.872 0.872 0.876 0.878 0.868 0.87 0.87 0.872 0.876 0.878 0.876 0.868 0.872 0.874 
====================label_inverse
0 0.108 0.108 0.106 0.106 0.106 0.106 0.108 0.108 0.108 0.108 0.108 0.108 0.106 0.108 0.108 0.108 0.108 0.144 0.12 0.084 0.204 0.196 0.196 0.212 0.222 0.264 0.344 0.372 0.372 0.378 0.412 0.454 0.504 0.612 0.648 0.706 0.72 0.734 0.748 0.762 0.762 0.764 0.788 0.784 0.792 0.784 0.776 0.786 0.806 0.79 0.796 0.794 0.798 0.8 0.788 0.798 0.806 0.804 0.802 0.804 0.808 0.798 0.814 0.824 0.82 0.828 0.826 0.824 0.826 0.828 0.83 0.826 0.826 0.836 0.828 0.832 0.84 0.834 0.828 0.838 0.84 0.842 0.836 0.846 0.846 0.838 0.852 0.842 0.848 0.848 0.844 0.848 0.844 0.844 0.85 0.85 0.846 0.85 0.848 0.844 0.848 0.844 0.844 0.854 0.846 0.85 0.85 0.848 0.848 0.85 0.85 0.852 0.842 0.852 0.846 0.846 0.842 0.84 0.842 0.846 
====================label_inverse
0 0.1 0.09 0.09 0.09 0.09 0.09 0.09 0.09 0.09 0.09 0.09 0.09 0.09 0.09 0.09 0.09 0.09 0.09 0.108 0.108 0.108 0.218 0.196 0.224 0.214 0.256 0.342 0.442 0.502 0.432 0.438 0.442 0.528 0.546 0.666 0.676 0.716 0.756 0.752 0.744 0.764 0.768 0.778 0.782 0.792 0.79 0.792 0.792 0.79 0.796 0.794 0.798 0.784 0.806 0.81 0.8 0.822 0.804 0.796 0.824 0.804 0.818 0.832 0.822 0.828 0.848 0.844 0.85 0.846 0.838 0.84 0.846 0.848 0.852 0.844 0.862 0.86 0.854 0.848 0.86 0.86 0.864 0.858 0.866 0.864 0.862 0.872 0.856 0.868 0.87 0.872 0.866 0.864 0.864 0.866 0.862 0.874 0.872 0.862 0.862 0.862 0.874 0.874 0.876 0.864 0.87 0.87 0.868 0.878 0.866 0.868 0.87 0.868 0.878 0.874 0.878 0.876 0.882 0.876 0.884 

====================label_inverse
0 0.106 0.106 0.106 0.106 0.106 0.106 0.106 0.106 0.106 0.106 0.106 0.106 0.106 0.106 0.106 0.106 0.106 0.106 0.106 0.106 0.106 0.106 0.106 0.106 0.106 0.106 0.124 0.188 0.204 0.232 0.266 0.292 0.33 0.352 0.366 0.406 0.438 0.472 0.51 0.544 0.546 0.538 0.582 0.578 0.588 0.614 0.632 0.62 0.638 0.648 0.66 0.696 0.692 0.69 0.69 0.72 0.724 0.706 0.72 0.71 0.722 0.74 0.73 0.734 0.726 0.734 0.732 0.746 0.744 0.766 0.754 0.754 0.742 0.75 0.776 0.772 0.778 0.768 0.78 0.778 0.782 0.752 0.776 0.768 0.756 0.776 0.802 0.776 0.804 0.788 0.798 0.786 0.804 0.798 0.812 0.794 0.794 0.812 0.81 0.796 0.802 0.786 0.796 0.802 0.802 0.792 0.806 0.802 0.812 0.81 0.812 0.818 0.81 0.82 0.826 0.828 0.816 0.822 0.818 0.828 
====================label_inverse
0 0.114 0.096 0.096 0.096 0.096 0.096 0.096 0.096 0.096 0.096 0.096 0.096 0.096 0.096 0.096 0.096 0.096 0.096 0.096 0.096 0.096 0.096 0.096 0.096 0.096 0.148 0.116 0.232 0.184 0.21 0.252 0.25 0.264 0.286 0.344 0.354 0.384 0.424 0.456 0.476 0.466 0.498 0.53 0.514 0.558 0.546 0.56 0.56 0.568 0.578 0.574 0.638 0.624 0.638 0.636 0.67 0.682 0.666 0.682 0.69 0.692 0.708 0.706 0.704 0.708 0.722 0.722 0.7 0.718 0.704 0.73 0.716 0.734 0.738 0.724 0.728 0.734 0.748 0.742 0.744 0.744 0.754 0.738 0.74 0.75 0.748 0.744 0.766 0.758 0.756 0.76 0.76 0.772 0.76 0.766 0.776 0.762 0.762 0.77 0.77 0.772 0.762 0.774 0.77 0.782 0.778 0.786 0.78 0.778 0.792 0.778 0.782 0.784 0.798 0.79 0.784 0.8 0.808 0.796 0.8 
====================label_inverse
0 0.106 0.106 0.106 0.106 0.106 0.106 0.106 0.106 0.106 0.106 0.106 0.106 0.106 0.106 0.106 0.106 0.106 0.106 0.106 0.106 0.106 0.106 0.106 0.106 0.106 0.106 0.156 0.13 0.162 0.17 0.202 0.19 0.138 0.2 0.27 0.348 0.4 0.464 0.502 0.536 0.544 0.536 0.566 0.554 0.598 0.598 0.614 0.618 0.646 0.672 0.67 0.688 0.698 0.688 0.704 0.708 0.706 0.712 0.73 0.726 0.736 0.744 0.742 0.74 0.756 0.748 0.746 0.766 0.758 0.778 0.77 0.766 0.76 0.778 0.788 0.788 0.782 0.786 0.782 0.786 0.784 0.768 0.776 0.78 0.784 0.8 0.786 0.796 0.788 0.8 0.792 0.788 0.792 0.794 0.796 0.798 0.798 0.8 0.79 0.792 0.796 0.806 0.802 0.802 0.796 0.8 0.796 0.808 0.798 0.806 0.81 0.798 0.796 0.792 0.806 0.806 0.804 0.802 0.814 0.81 
====================label_inverse
0 0.116 0.072 0.072 0.072 0.072 0.072 0.072 0.072 0.072 0.072 0.072 0.072 0.072 0.072 0.072 0.072 0.072 0.072 0.072 0.072 0.072 0.072 0.072 0.072 0.072 0.072 0.148 0.098 0.14 0.174 0.216 0.242 0.212 0.268 0.346 0.398 0.446 0.518 0.52 0.548 0.55 0.55 0.598 0.612 0.62 0.61 0.622 0.596 0.622 0.638 0.622 0.69 0.694 0.662 0.69 0.698 0.712 0.736 0.742 0.758 0.718 0.734 0.77 0.754 0.77 0.782 0.784 0.772 0.79 0.794 0.778 0.802 0.778 0.78 0.796 0.798 0.806 0.796 0.812 0.798 0.81 0.81 0.804 0.818 0.812 0.816 0.806 0.814 0.826 0.816 0.82 0.816 0.812 0.822 0.818 0.83 0.826 0.83 0.826 0.822 0.828 0.824 0.822 0.832 0.832 0.846 0.832 0.83 0.834 0.838 0.836 0.824 0.836 0.836 0.844 0.84 0.846 0.84 0.848 0.854 
====================label_inverse
0 0.086 0.094 0.094 0.108 0.108 0.108 0.108 0.108 0.108 0.108 0.108 0.108 0.108 0.108 0.108 0.108 0.108 0.108 0.108 0.108 0.108 0.108 0.108 0.108 0.108 0.108 0.198 0.166 0.186 0.19 0.222 0.27 0.232 0.33 0.312 0.388 0.444 0.438 0.46 0.546 0.53 0.544 0.586 0.58 0.606 0.612 0.598 0.642 0.674 0.658 0.664 0.692 0.69 0.686 0.702 0.71 0.71 0.726 0.742 0.73 0.734 0.738 0.75 0.746 0.746 0.758 0.76 0.748 0.782 0.762 0.77 0.764 0.766 0.776 0.792 0.788 0.774 0.784 0.798 0.788 0.8 0.784 0.8 0.79 0.79 0.81 0.804 0.802 0.81 0.818 0.816 0.808 0.812 0.816 0.828 0.822 0.822 0.824 0.824 0.826 0.814 0.808 0.826 0.816 0.82 0.816 0.83 0.824 0.828 0.83 0.83 0.832 0.842 0.834 0.824 0.828 0.844 0.834 0.842 0.848 
====================label_inverse
0 0.106 0.106 0.106 0.106 0.106 0.106 0.106 0.106 0.106 0.106 0.106 0.106 0.106 0.106 0.106 0.106 0.106 0.106 0.106 0.106 0.106 0.106 0.106 0.106 0.106 0.1 0.186 0.248 0.19 0.192 0.192 0.22 0.326 0.332 0.344 0.324 0.374 0.426 0.448 0.54 0.51 0.486 0.584 0.57 0.586 0.61 0.634 0.614 0.644 0.65 0.658 0.7 0.708 0.712 0.72 0.726 0.734 0.734 0.734 0.748 0.738 0.752 0.75 0.75 0.744 0.768 0.756 0.746 0.772 0.768 0.776 0.77 0.774 0.784 0.792 0.788 0.79 0.782 0.802 0.786 0.794 0.8 0.798 0.804 0.794 0.806 0.806 0.822 0.812 0.814 0.816 0.804 0.82 0.822 0.822 0.814 0.822 0.808 0.814 0.824 0.818 0.818 0.834 0.838 0.822 0.828 0.832 0.83 0.844 0.816 0.822 0.822 0.828 0.828 0.822 0.826 0.83 0.828 0.83 0.842 
====================label_inverse
0 0.072 0.114 0.072 0.072 0.072 0.072 0.072 0.072 0.072 0.072 0.072 0.072 0.072 0.072 0.072 0.072 0.072 0.072 0.072 0.072 0.072 0.072 0.072 0.072 0.072 0.072 0.07 0.182 0.168 0.188 0.2 0.22 0.256 0.254 0.292 0.316 0.358 0.376 0.432 0.508 0.504 0.518 0.574 0.542 0.58 0.584 0.558 0.616 0.604 0.618 0.658 0.658 0.676 0.658 0.67 0.674 0.706 0.682 0.678 0.718 0.724 0.738 0.718 0.708 0.748 0.73 0.744 0.75 0.754 0.754 0.77 0.74 0.75 0.75 0.754 0.756 0.776 0.77 0.772 0.756 0.764 0.786 0.794 0.774 0.794 0.784 0.776 0.778 0.788 0.766 0.764 0.766 0.784 0.78 0.79 0.774 0.784 0.8 0.78 0.792 0.792 0.802 0.804 0.808 0.808 0.81 0.808 0.81 0.814 0.812 0.818 0.806 0.812 0.812 0.8 0.804 0.812 0.806 0.818 0.82 
====================label_inverse
0 0.084 0.084 0.084 0.084 0.104 0.104 0.104 0.104 0.104 0.104 0.104 0.104 0.104 0.104 0.104 0.104 0.104 0.104 0.104 0.104 0.104 0.104 0.104 0.104 0.104 0.104 0.1 0.28 0.176 0.244 0.25 0.274 0.316 0.33 0.342 0.378 0.42 0.488 0.452 0.494 0.468 0.454 0.57 0.54 0.572 0.572 0.568 0.6 0.616 0.606 0.652 0.662 0.694 0.672 0.698 0.69 0.698 0.71 0.714 0.722 0.712 0.722 0.726 0.738 0.732 0.75 0.744 0.728 0.744 0.752 0.74 0.754 0.756 0.762 0.756 0.76 0.738 0.726 0.752 0.76 0.758 0.746 0.744 0.756 0.754 0.764 0.764 0.77 0.772 0.78 0.77 0.772 0.782 0.78 0.782 0.764 0.78 0.784 0.774 0.79 0.776 0.796 0.788 0.792 0.782 0.798 0.784 0.794 0.792 0.784 0.8 0.786 0.794 0.788 0.778 0.782 0.792 0.78 0.782 0.798 
====================label_inverse
0 0.09 0.09 0.09 0.09 0.09 0.09 0.09 0.09 0.09 0.09 0.09 0.09 0.09 0.09 0.09 0.09 0.09 0.09 0.09 0.09 0.09 0.09 0.09 0.09 0.09 0.042 0.108 0.206 0.242 0.228 0.23 0.24 0.272 0.282 0.308 0.326 0.454 0.454 0.504 0.53 0.51 0.532 0.558 0.546 0.576 0.578 0.596 0.596 0.62 0.634 0.634 0.678 0.688 0.668 0.666 0.696 0.69 0.712 0.732 0.72 0.714 0.718 0.746 0.738 0.734 0.748 0.744 0.746 0.76 0.756 0.756 0.742 0.756 0.754 0.764 0.764 0.762 0.764 0.772 0.774 0.774 0.77 0.766 0.776 0.76 0.78 0.782 0.786 0.784 0.792 0.794 0.784 0.788 0.796 0.79 0.792 0.788 0.798 0.79 0.802 0.794 0.796 0.798 0.796 0.802 0.8 0.808 0.806 0.814 0.81 0.806 0.816 0.814 0.816 0.818 0.826 0.818 0.82 0.83 0.822 
====================label_inverse
0 0.1 0.106 0.106 0.106 0.114 0.114 0.096 0.114 0.082 0.114 0.114 0.114 0.114 0.114 0.114 0.114 0.114 0.114 0.114 0.114 0.114 0.114 0.114 0.114 0.114 0.114 0.114 0.124 0.228 0.226 0.236 0.236 0.24 0.268 0.294 0.35 0.382 0.39 0.476 0.514 0.528 0.518 0.53 0.564 0.554 0.562 0.582 0.568 0.614 0.628 0.626 0.662 0.65 0.676 0.676 0.688 0.692 0.7 0.698 0.704 0.716 0.706 0.728 0.724 0.73 0.726 0.736 0.738 0.75 0.738 0.73 0.732 0.756 0.75 0.75 0.754 0.746 0.764 0.76 0.758 0.746 0.782 0.782 0.756 0.774 0.794 0.78 0.798 0.798 0.8 0.792 0.774 0.802 0.814 0.816 0.784 0.814 0.828 0.792 0.816 0.806 0.824 0.814 0.832 0.82 0.836 0.816 0.824 0.826 0.816 0.828 0.83 0.846 0.824 0.826 0.832 0.83 0.826 0.838 0.82 

====================label_inverse
0 0.1 0.09 0.09 0.09 0.09 0.09 0.09 0.09 0.09 0.09 0.09 0.09 0.09 0.09 0.09 0.09 0.09 0.09 0.09 0.09 0.09 0.09 0.09 0.09 0.09 0.09 0.09 0.09 0.09 0.09 0.09 0.09 0.09 0.09 0.09 0.09 0.09 0.09 0.09 0.09 0.09 0.09 0.09 0.09 0.09 0.09 0.09 0.09 0.09 0.09 0.09 0.09 0.09 0.09 0.09 0.09 0.09 0.09 0.09 0.09 0.09 0.09 0.09 0.09 0.116 0.122 0.144 0.192 0.196 0.196 0.204 0.198 0.202 0.2 0.214 0.254 0.25 0.282 0.31 0.262 0.372 0.35 0.422 0.458 0.436 0.474 0.524 0.488 0.514 0.492 0.542 0.558 0.574 0.536 0.568 0.53 0.578 0.556 0.56 0.56 0.556 0.544 0.566 0.574 0.592 0.6 0.608 0.59 0.574 0.614 0.588 0.59 0.606 0.602 0.62 0.624 0.612 0.61 0.656 0.602 
====================label_inverse
0 0.092 0.108 0.108 0.108 0.094 0.094 0.094 0.094 0.094 0.094 0.094 0.094 0.094 0.094 0.094 0.094 0.092 0.094 0.094 0.092 0.094 0.094 0.094 0.092 0.092 0.094 0.094 0.108 0.092 0.092 0.108 0.092 0.094 0.108 0.092 0.108 0.108 0.108 0.116 0.108 0.108 0.108 0.092 0.108 0.108 0.092 0.108 0.108 0.108 0.108 0.108 0.108 0.108 0.108 0.092 0.108 0.108 0.108 0.108 0.108 0.108 0.108 0.108 0.094 0.206 0.18 0.18 0.196 0.2 0.2 0.2 0.218 0.218 0.206 0.254 0.238 0.25 0.29 0.338 0.38 0.378 0.378 0.442 0.432 0.47 0.482 0.498 0.508 0.498 0.472 0.514 0.534 0.54 0.502 0.548 0.518 0.552 0.56 0.534 0.552 0.56 0.524 0.56 0.572 0.568 0.58 0.586 0.586 0.578 0.592 0.562 0.56 0.572 0.586 0.598 0.612 0.612 0.59 0.634 0.622 
====================label_inverse
0 0.096 0.096 0.096 0.096 0.096 0.096 0.096 0.096 0.096 0.096 0.096 0.096 0.096 0.096 0.096 0.096 0.096 0.096 0.096 0.096 0.096 0.096 0.096 0.096 0.096 0.096 0.096 0.096 0.096 0.1 0.096 0.096 0.096 0.096 0.1 0.096 0.096 0.096 0.096 0.096 0.096 0.096 0.096 0.096 0.096 0.1 0.096 0.096 0.1 0.096 0.096 0.096 0.096 0.096 0.1 0.096 0.1 0.096 0.096 0.1 0.096 0.096 0.096 0.096 0.168 0.098 0.168 0.176 0.184 0.19 0.178 0.204 0.21 0.224 0.234 0.302 0.236 0.3 0.328 0.392 0.386 0.352 0.424 0.434 0.438 0.488 0.506 0.502 0.502 0.492 0.514 0.504 0.506 0.52 0.5 0.48 0.508 0.524 0.54 0.494 0.526 0.538 0.562 0.52 0.528 0.54 0.526 0.538 0.552 0.552 0.522 0.596 0.55 0.566 0.58 0.58 0.582 0.572 0.596 0.586 
====================label_inverse
0 0.108 0.108 0.108 0.108 0.084 0.084 0.084 0.084 0.108 0.108 0.108 0.084 0.108 0.108 0.108 0.108 0.084 0.084 0.108 0.108 0.108 0.094 0.108 0.084 0.094 0.084 0.108 0.084 0.084 0.094 0.084 0.094 0.084 0.084 0.084 0.084 0.108 0.084 0.084 0.084 0.094 0.118 0.084 0.084 0.108 0.094 0.084 0.084 0.118 0.084 0.118 0.084 0.108 0.084 0.118 0.084 0.094 0.084 0.084 0.118 0.118 0.082 0.084 0.082 0.13 0.148 0.196 0.214 0.222 0.222 0.222 0.224 0.234 0.228 0.23 0.32 0.232 0.272 0.28 0.23 0.336 0.38 0.406 0.436 0.43 0.494 0.484 0.43 0.492 0.41 0.518 0.504 0.498 0.5 0.498 0.494 0.516 0.536 0.562 0.468 0.53 0.57 0.59 0.576 0.562 0.598 0.582 0.59 0.584 0.574 0.546 0.594 0.576 0.568 0.594 0.61 0.606 0.586 0.614 0.608 
====================label_inverse
0 0.116 0.116 0.116 0.116 0.116 0.116 0.102 0.102 0.116 0.116 0.116 0.116 0.116 0.116 0.116 0.116 0.116 0.116 0.116 0.102 0.116 0.116 0.1 0.116 0.116 0.1 0.116 0.1 0.1 0.116 0.1 0.116 0.1 0.1 0.116 0.1 0.1 0.1 0.1 0.1 0.1 0.1 0.1 0.1 0.1 0.1 0.1 0.1 0.1 0.1 0.1 0.1 0.1 0.1 0.1 0.1 0.1 0.1 0.1 0.1 0.1 0.1 0.1 0.1 0.1 0.08 0.094 0.172 0.172 0.172 0.172 0.172 0.096 0.186 0.154 0.244 0.244 0.24 0.224 0.298 0.396 0.376 0.408 0.452 0.42 0.49 0.508 0.51 0.492 0.522 0.536 0.546 0.556 0.504 0.544 0.512 0.544 0.534 0.506 0.528 0.52 0.528 0.542 0.566 0.57 0.576 0.582 0.554 0.56 0.558 0.55 0.562 0.568 0.558 0.592 0.606 0.6 0.556 0.612 0.58 
====================label_inverse
0 0.094 0.08 0.08 0.118 0.08 0.08 0.08 0.118 0.118 0.118 0.118 0.118 0.118 0.118 0.118 0.118 0.118 0.118 0.118 0.118 0.118 0.118 0.118 0.118 0.118 0.118 0.118 0.118 0.118 0.118 0.118 0.118 0.118 0.118 0.118 0.118 0.118 0.118 0.118 0.118 0.118 0.118 0.118 0.118 0.118 0.118 0.118 0.118 0.118 0.118 0.118 0.118 0.118 0.118 0.118 0.118 0.118 0.118 0.118 0.118 0.118 0.118 0.118 0.12 0.12 0.162 0.178 0.188 0.202 0.19 0.178 0.194 0.224 0.196 0.262 0.278 0.244 0.276 0.374 0.354 0.404 0.4 0.484 0.424 0.432 0.46 0.476 0.496 0.544 0.478 0.508 0.54 0.532 0.528 0.53 0.528 0.542 0.534 0.524 0.516 0.536 0.532 0.558 0.548 0.56 0.568 0.578 0.598 0.602 0.588 0.576 0.566 0.574 0.612 0.606 0.614 0.614 0.63 0.642 0.668 
====================label_inverse
0 0.094 0.094 0.094 0.094 0.094 0.094 0.094 0.094 0.094 0.094 0.094 0.094 0.094 0.094 0.094 0.094 0.094 0.094 0.094 0.094 0.094 0.094 0.094 0.094 0.114 0.094 0.094 0.094 0.094 0.094 0.114 0.094 0.094 0.094 0.094 0.094 0.094 0.094 0.114 0.114 0.094 0.094 0.094 0.094 0.094 0.094 0.114 0.114 0.094 0.114 0.094 0.114 0.094 0.094 0.094 0.114 0.094 0.114 0.094 0.094 0.114 0.114 0.094 0.094 0.094 0.096 0.166 0.186 0.188 0.19 0.192 0.204 0.208 0.188 0.244 0.28 0.296 0.318 0.376 0.33 0.382 0.364 0.38 0.418 0.414 0.464 0.484 0.466 0.466 0.486 0.522 0.48 0.486 0.468 0.5 0.472 0.504 0.552 0.526 0.518 0.512 0.508 0.534 0.53 0.53 0.554 0.54 0.542 0.532 0.57 0.544 0.552 0.556 0.562 0.616 0.598 0.626 0.584 0.624 0.596 
====================label_inverse
0 0.096 0.096 0.096 0.096 0.096 0.096 0.096 0.096 0.096 0.096 0.096 0.096 0.096 0.096 0.096 0.096 0.096 0.096 0.096 0.096 0.096 0.096 0.096 0.096 0.096 0.096 0.096 0.096 0.096 0.08 0.096 0.096 0.096 0.096 0.096 0.096 0.096 0.096 0.096 0.096 0.096 0.096 0.096 0.096 0.102 0.096 0.102 0.102 0.08 0.096 0.102 0.096 0.102 0.096 0.08 0.102 0.08 0.102 0.08 0.08 0.102 0.08 0.08 0.128 0.082 0.076 0.092 0.204 0.204 0.204 0.204 0.206 0.212 0.242 0.206 0.254 0.258 0.242 0.272 0.268 0.398 0.368 0.364 0.364 0.354 0.46 0.486 0.472 0.464 0.466 0.5 0.508 0.52 0.466 0.514 0.472 0.518 0.494 0.5 0.508 0.52 0.504 0.52 0.512 0.51 0.53 0.512 0.508 0.516 0.524 0.504 0.536 0.53 0.54 0.584 0.59 0.574 0.544 0.572 0.57 
====================label_inverse
0 0.09 0.092 0.124 0.124 0.092 0.092 0.092 0.092 0.092 0.092 0.092 0.092 0.092 0.092 0.092 0.092 0.092 0.092 0.092 0.092 0.092 0.09 0.092 0.092 0.09 0.092 0.092 0.092 0.092 0.09 0.092 0.09 0.092 0.092 0.092 0.092 0.092 0.09 0.092 0.092 0.09 0.092 0.092 0.092 0.092 0.092 0.092 0.092 0.09 0.092 0.092 0.092 0.092 0.092 0.09 0.092 0.09 0.092 0.092 0.092 0.092 0.092 0.11 0.09 0.128 0.114 0.144 0.21 0.216 0.204 0.214 0.22 0.204 0.266 0.246 0.236 0.19 0.218 0.23 0.272 0.334 0.402 0.456 0.466 0.506 0.502 0.542 0.54 0.556 0.562 0.556 0.582 0.596 0.58 0.6 0.59 0.582 0.546 0.528 0.572 0.57 0.524 0.564 0.586 0.59 0.602 0.594 0.596 0.594 0.628 0.616 0.574 0.614 0.628 0.594 0.644 0.65 0.622 0.662 0.628 
====================label_inverse
0 0.092 0.092 0.092 0.092 0.092 0.092 0.092 0.092 0.092 0.092 0.092 0.092 0.092 0.092 0.092 0.092 0.092 0.092 0.092 0.092 0.092 0.092 0.092 0.092 0.092 0.092 0.092 0.092 0.092 0.092 0.092 0.092 0.092 0.092 0.092 0.092 0.092 0.092 0.092 0.092 0.092 0.092 0.092 0.092 0.092 0.092 0.092 0.092 0.092 0.092 0.092 0.092 0.092 0.092 0.092 0.092 0.092 0.092 0.092 0.092 0.092 0.092 0.092 0.092 0.092 0.092 0.188 0.206 0.188 0.212 0.218 0.214 0.244 0.224 0.24 0.29 0.258 0.272 0.358 0.364 0.394 0.372 0.404 0.414 0.448 0.426 0.436 0.49 0.518 0.468 0.554 0.57 0.568 0.546 0.552 0.554 0.572 0.544 0.554 0.544 0.556 0.556 0.584 0.58 0.582 0.606 0.612 0.594 0.594 0.606 0.586 0.6 0.608 0.612 0.656 0.654 0.662 0.636 0.672 0.64 
====================
