nomal
0 0.092 0.122 0.122 0.122 0.092 0.092 0.092 0.092 0.092 0.092 0.092 0.092 0.092 0.122 0.122 0.122 0.122 0.122 0.122 0.122 0.122 0.122 0.19 0.234 0.242 0.296 0.262 0.402 0.416 0.508 0.528 0.594 0.604 0.648 0.658 0.654 0.67 0.698 0.722 0.73 0.754 0.75 0.764 0.766 0.768 0.752 0.76 0.766 0.758 0.766 0.77 0.766 0.764 0.78 0.782 0.784 0.774 0.768 0.78 0.788 0.788 0.776 0.786 0.788 0.79 0.784 0.786 0.796 0.794 0.78 0.794 0.806 0.786 0.802 0.79 0.798 0.802 0.802 0.808 0.802 0.812 0.808 0.808 0.812 0.804 0.814 0.81 0.802 0.816 0.816 0.82 0.814 0.81 0.82 0.822 0.82 0.82 0.822 0.832 0.824 0.824 0.822 0.82 0.822 0.826 0.824 0.824 0.834 0.832 0.838 0.84 0.832 0.83 0.822 0.834 0.83 0.838 0.838 0.848 0.838 
====================nomal
0 0.096 0.096 0.106 0.088 0.088 0.088 0.088 0.106 0.106 0.106 0.106 0.106 0.106 0.088 0.088 0.106 0.106 0.106 0.088 0.106 0.16 0.086 0.166 0.206 0.248 0.256 0.284 0.362 0.476 0.532 0.548 0.568 0.598 0.6 0.634 0.648 0.652 0.656 0.67 0.698 0.73 0.716 0.732 0.746 0.724 0.732 0.76 0.764 0.748 0.768 0.746 0.738 0.754 0.772 0.78 0.808 0.792 0.766 0.804 0.792 0.806 0.8 0.814 0.806 0.804 0.792 0.796 0.822 0.82 0.816 0.814 0.806 0.798 0.808 0.806 0.79 0.794 0.788 0.8 0.802 0.806 0.82 0.812 0.808 0.818 0.824 0.826 0.816 0.824 0.82 0.806 0.796 0.79 0.808 0.812 0.828 0.836 0.836 0.806 0.818 0.816 0.824 0.798 0.806 0.82 0.828 0.812 0.808 0.794 0.814 0.808 0.826 0.822 0.834 0.834 0.828 0.816 0.814 0.82 0.822 
====================nomal
0 0.106 0.106 0.084 0.084 0.084 0.106 0.106 0.106 0.106 0.134 0.094 0.094 0.106 0.106 0.106 0.106 0.106 0.106 0.106 0.084 0.084 0.106 0.154 0.186 0.296 0.326 0.242 0.274 0.512 0.562 0.586 0.586 0.64 0.66 0.676 0.688 0.682 0.71 0.732 0.748 0.746 0.746 0.758 0.758 0.762 0.776 0.778 0.768 0.774 0.784 0.772 0.8 0.798 0.8 0.796 0.808 0.798 0.808 0.808 0.824 0.814 0.82 0.83 0.82 0.826 0.834 0.836 0.822 0.844 0.838 0.846 0.846 0.82 0.848 0.846 0.82 0.836 0.836 0.838 0.844 0.842 0.846 0.84 0.838 0.832 0.824 0.852 0.84 0.84 0.842 0.842 0.84 0.844 0.842 0.836 0.848 0.85 0.854 0.844 0.844 0.84 0.846 0.844 0.842 0.856 0.85 0.848 0.848 0.844 0.83 0.842 0.854 0.852 0.846 0.854 0.86 0.85 0.852 0.844 0.844 
====================nomal
0 0.076 0.132 0.132 0.132 0.132 0.132 0.132 0.082 0.082 0.132 0.132 0.082 0.082 0.082 0.114 0.082 0.082 0.082 0.082 0.082 0.082 0.082 0.2 0.212 0.24 0.29 0.308 0.372 0.468 0.552 0.546 0.558 0.588 0.596 0.612 0.62 0.624 0.65 0.692 0.72 0.724 0.726 0.734 0.732 0.738 0.744 0.754 0.75 0.748 0.754 0.766 0.76 0.764 0.766 0.766 0.772 0.772 0.774 0.78 0.78 0.792 0.782 0.786 0.796 0.802 0.794 0.8 0.812 0.812 0.808 0.818 0.82 0.814 0.826 0.814 0.822 0.824 0.822 0.828 0.824 0.828 0.83 0.826 0.828 0.832 0.84 0.828 0.838 0.838 0.838 0.838 0.822 0.826 0.832 0.842 0.838 0.84 0.834 0.824 0.832 0.836 0.832 0.824 0.834 0.838 0.83 0.828 0.818 0.834 0.828 0.828 0.836 0.824 0.844 0.834 0.844 0.836 0.828 0.834 0.84 
====================nomal
0 0.114 0.126 0.114 0.114 0.114 0.126 0.126 0.126 0.126 0.126 0.126 0.126 0.126 0.126 0.126 0.126 0.126 0.126 0.126 0.126 0.126 0.194 0.18 0.178 0.218 0.272 0.228 0.256 0.404 0.554 0.582 0.612 0.618 0.634 0.642 0.602 0.67 0.68 0.714 0.71 0.716 0.724 0.738 0.712 0.744 0.744 0.726 0.734 0.732 0.748 0.758 0.78 0.776 0.774 0.768 0.782 0.782 0.774 0.8 0.796 0.804 0.788 0.806 0.802 0.814 0.822 0.818 0.792 0.81 0.802 0.81 0.808 0.812 0.818 0.81 0.812 0.816 0.832 0.798 0.822 0.822 0.834 0.824 0.822 0.834 0.828 0.826 0.816 0.828 0.842 0.834 0.83 0.834 0.834 0.844 0.826 0.832 0.83 0.832 0.828 0.846 0.85 0.852 0.848 0.842 0.846 0.846 0.846 0.844 0.832 0.856 0.854 0.842 0.86 0.842 0.858 0.85 0.858 0.85 0.852 
====================nomal
0 0.09 0.09 0.09 0.094 0.094 0.094 0.094 0.094 0.094 0.094 0.09 0.09 0.094 0.094 0.09 0.09 0.09 0.09 0.09 0.094 0.094 0.09 0.194 0.224 0.24 0.27 0.312 0.394 0.38 0.504 0.53 0.53 0.53 0.584 0.638 0.618 0.656 0.648 0.67 0.696 0.702 0.692 0.718 0.714 0.724 0.74 0.738 0.738 0.73 0.746 0.73 0.742 0.77 0.77 0.754 0.774 0.766 0.772 0.776 0.792 0.786 0.81 0.796 0.812 0.808 0.804 0.806 0.818 0.816 0.802 0.816 0.822 0.782 0.818 0.816 0.804 0.814 0.81 0.802 0.83 0.832 0.828 0.854 0.836 0.824 0.828 0.842 0.83 0.846 0.836 0.838 0.852 0.852 0.852 0.85 0.856 0.862 0.866 0.848 0.864 0.856 0.85 0.832 0.838 0.85 0.86 0.856 0.872 0.862 0.848 0.846 0.874 0.866 0.868 0.868 0.868 0.864 0.874 0.864 0.864 
====================nomal
0 0.098 0.098 0.098 0.098 0.098 0.1 0.1 0.1 0.1 0.1 0.1 0.1 0.1 0.1 0.1 0.1 0.104 0.104 0.1 0.1 0.1 0.1 0.1 0.214 0.242 0.248 0.328 0.448 0.516 0.578 0.602 0.624 0.628 0.634 0.674 0.666 0.692 0.7 0.708 0.714 0.724 0.71 0.72 0.728 0.728 0.74 0.726 0.736 0.75 0.738 0.748 0.766 0.758 0.766 0.772 0.78 0.766 0.772 0.772 0.79 0.796 0.788 0.796 0.796 0.804 0.808 0.792 0.792 0.804 0.794 0.804 0.806 0.814 0.808 0.81 0.824 0.816 0.812 0.808 0.804 0.812 0.822 0.816 0.814 0.816 0.818 0.808 0.81 0.81 0.82 0.826 0.832 0.834 0.834 0.826 0.82 0.83 0.826 0.84 0.828 0.828 0.832 0.828 0.838 0.83 0.836 0.844 0.844 0.836 0.84 0.834 0.844 0.84 0.828 0.834 0.838 0.842 0.848 0.838 0.842 
====================nomal
0 0.118 0.116 0.098 0.098 0.098 0.098 0.098 0.098 0.098 0.098 0.098 0.098 0.098 0.092 0.092 0.092 0.098 0.098 0.092 0.098 0.098 0.19 0.152 0.196 0.248 0.27 0.262 0.33 0.484 0.522 0.56 0.554 0.582 0.612 0.644 0.64 0.662 0.666 0.67 0.714 0.712 0.714 0.724 0.72 0.72 0.728 0.74 0.746 0.744 0.752 0.754 0.75 0.752 0.764 0.756 0.772 0.77 0.76 0.778 0.782 0.778 0.794 0.79 0.79 0.796 0.798 0.806 0.808 0.806 0.808 0.816 0.816 0.816 0.816 0.818 0.808 0.822 0.836 0.814 0.818 0.824 0.826 0.822 0.826 0.804 0.818 0.826 0.824 0.83 0.822 0.834 0.814 0.806 0.824 0.84 0.832 0.836 0.824 0.808 0.826 0.834 0.834 0.824 0.836 0.844 0.83 0.822 0.818 0.826 0.826 0.84 0.848 0.838 0.846 0.838 0.852 0.844 0.838 0.842 0.844 
====================nomal
0 0.072 0.072 0.114 0.114 0.09 0.09 0.09 0.09 0.096 0.114 0.104 0.104 0.104 0.114 0.114 0.114 0.114 0.114 0.114 0.114 0.114 0.116 0.124 0.164 0.21 0.248 0.232 0.282 0.358 0.484 0.534 0.514 0.554 0.586 0.626 0.63 0.648 0.658 0.662 0.676 0.688 0.71 0.698 0.712 0.724 0.718 0.726 0.724 0.722 0.734 0.742 0.754 0.762 0.754 0.752 0.752 0.766 0.758 0.774 0.764 0.77 0.754 0.754 0.778 0.778 0.774 0.78 0.776 0.774 0.752 0.792 0.786 0.766 0.79 0.806 0.792 0.798 0.804 0.788 0.8 0.784 0.786 0.794 0.796 0.814 0.796 0.804 0.798 0.798 0.79 0.808 0.794 0.79 0.802 0.816 0.804 0.798 0.814 0.786 0.798 0.818 0.82 0.806 0.804 0.816 0.802 0.784 0.8 0.812 0.816 0.812 0.814 0.8 0.802 0.788 0.81 0.794 0.802 0.81 0.824 
====================nomal
0 0.12 0.12 0.088 0.088 0.102 0.102 0.102 0.102 0.102 0.088 0.088 0.12 0.12 0.102 0.088 0.102 0.102 0.088 0.102 0.102 0.102 0.102 0.132 0.17 0.23 0.252 0.294 0.304 0.494 0.558 0.592 0.59 0.604 0.644 0.654 0.658 0.676 0.67 0.68 0.702 0.724 0.73 0.748 0.726 0.722 0.736 0.736 0.772 0.734 0.734 0.722 0.724 0.742 0.756 0.744 0.762 0.75 0.746 0.754 0.774 0.778 0.79 0.786 0.774 0.78 0.786 0.784 0.8 0.79 0.796 0.786 0.802 0.784 0.806 0.784 0.79 0.79 0.782 0.78 0.802 0.796 0.8 0.806 0.784 0.79 0.788 0.804 0.792 0.816 0.798 0.78 0.784 0.794 0.79 0.816 0.814 0.824 0.81 0.796 0.804 0.802 0.786 0.794 0.806 0.816 0.818 0.822 0.808 0.798 0.784 0.808 0.822 0.808 0.842 0.838 0.83 0.838 0.822 0.822 0.814 
====================gaussian
0 0.1 0.1 0.1 0.1 0.1 0.084 0.084 0.084 0.084 0.106 0.106 0.178 0.202 0.198 0.282 0.346 0.382 0.43 0.476 0.5 0.524 0.522 0.54 0.574 0.612 0.606 0.644 0.658 0.666 0.688 0.676 0.706 0.716 0.724 0.728 0.724 0.736 0.736 0.754 0.742 0.74 0.752 0.754 0.754 0.76 0.762 0.752 0.762 0.766 0.78 0.774 0.786 0.784 0.78 0.784 0.792 0.788 0.782 0.786 0.79 0.798 0.788 0.798 0.788 0.8 0.796 0.802 0.794 0.798 0.814 0.806 0.804 0.794 0.79 0.81 0.81 0.81 0.812 0.83 0.834 0.822 0.82 0.826 0.816 0.828 0.84 0.838 0.832 0.82 0.818 0.836 0.836 0.826 0.838 0.832 0.834 0.84 0.822 0.836 0.834 0.832 0.83 0.838 0.848 0.836 0.83 0.836 0.84 0.834 0.842 0.846 0.85 0.848 0.852 0.842 0.854 0.85 0.844 0.848 0.846 
====================gaussian
0 0.092 0.092 0.118 0.118 0.098 0.098 0.116 0.116 0.092 0.092 0.086 0.204 0.172 0.188 0.25 0.256 0.35 0.392 0.37 0.384 0.464 0.476 0.49 0.506 0.526 0.548 0.614 0.616 0.624 0.628 0.614 0.646 0.648 0.674 0.672 0.68 0.674 0.696 0.696 0.69 0.706 0.684 0.738 0.736 0.752 0.74 0.762 0.762 0.76 0.776 0.774 0.78 0.796 0.786 0.794 0.8 0.798 0.808 0.798 0.79 0.808 0.798 0.814 0.804 0.808 0.814 0.82 0.808 0.816 0.826 0.81 0.802 0.802 0.806 0.812 0.812 0.812 0.81 0.806 0.806 0.81 0.788 0.804 0.806 0.812 0.814 0.82 0.814 0.822 0.826 0.826 0.81 0.818 0.826 0.826 0.816 0.82 0.818 0.82 0.824 0.834 0.814 0.83 0.826 0.826 0.824 0.826 0.812 0.814 0.82 0.826 0.824 0.826 0.828 0.826 0.834 0.836 0.824 0.826 0.828 
====================gaussian
0 0.114 0.094 0.094 0.114 0.114 0.114 0.114 0.114 0.114 0.112 0.116 0.108 0.16 0.168 0.188 0.278 0.314 0.354 0.428 0.448 0.45 0.49 0.48 0.526 0.556 0.598 0.612 0.636 0.644 0.67 0.67 0.682 0.69 0.702 0.712 0.712 0.706 0.724 0.744 0.742 0.752 0.724 0.76 0.764 0.74 0.766 0.772 0.766 0.756 0.766 0.762 0.762 0.782 0.778 0.78 0.79 0.782 0.764 0.778 0.782 0.786 0.78 0.77 0.79 0.808 0.782 0.796 0.808 0.812 0.8 0.816 0.826 0.816 0.822 0.81 0.818 0.81 0.812 0.82 0.802 0.818 0.816 0.798 0.804 0.822 0.83 0.83 0.82 0.828 0.844 0.836 0.838 0.832 0.834 0.84 0.82 0.83 0.836 0.844 0.848 0.848 0.852 0.852 0.84 0.848 0.848 0.846 0.842 0.832 0.848 0.846 0.852 0.848 0.85 0.852 0.85 0.844 0.842 0.832 0.84 
====================gaussian
0 0.088 0.088 0.088 0.088 0.088 0.088 0.088 0.088 0.088 0.114 0.118 0.168 0.17 0.176 0.226 0.22 0.294 0.45 0.39 0.502 0.502 0.514 0.53 0.542 0.564 0.556 0.584 0.584 0.648 0.64 0.628 0.638 0.638 0.68 0.676 0.674 0.63 0.664 0.708 0.676 0.664 0.642 0.708 0.734 0.714 0.7 0.72 0.736 0.714 0.718 0.758 0.752 0.734 0.74 0.754 0.758 0.766 0.75 0.768 0.764 0.758 0.746 0.748 0.764 0.776 0.74 0.746 0.77 0.766 0.752 0.78 0.774 0.758 0.77 0.76 0.772 0.764 0.762 0.768 0.764 0.778 0.75 0.788 0.788 0.778 0.766 0.77 0.76 0.774 0.77 0.768 0.782 0.768 0.76 0.778 0.776 0.764 0.766 0.762 0.778 0.78 0.774 0.78 0.786 0.778 0.772 0.762 0.768 0.762 0.764 0.77 0.786 0.778 0.788 0.784 0.766 0.77 0.764 0.766 0.764 
====================gaussian
0 0.092 0.092 0.092 0.092 0.092 0.092 0.086 0.086 0.086 0.116 0.092 0.176 0.162 0.176 0.274 0.296 0.388 0.398 0.432 0.442 0.464 0.474 0.48 0.552 0.59 0.606 0.638 0.65 0.682 0.686 0.69 0.708 0.714 0.722 0.724 0.74 0.748 0.752 0.756 0.764 0.752 0.746 0.756 0.774 0.756 0.76 0.75 0.768 0.768 0.776 0.76 0.78 0.772 0.79 0.79 0.782 0.794 0.79 0.796 0.794 0.802 0.802 0.792 0.812 0.804 0.796 0.808 0.802 0.814 0.806 0.81 0.8 0.8 0.798 0.814 0.82 0.8 0.812 0.808 0.8 0.818 0.81 0.786 0.794 0.8 0.816 0.81 0.826 0.81 0.82 0.828 0.814 0.834 0.824 0.83 0.818 0.81 0.828 0.822 0.834 0.83 0.842 0.834 0.816 0.838 0.836 0.842 0.812 0.812 0.838 0.84 0.828 0.834 0.836 0.836 0.844 0.832 0.83 0.83 0.83 
====================gaussian
0 0.1 0.084 0.084 0.084 0.094 0.084 0.084 0.084 0.1 0.166 0.1 0.2 0.204 0.216 0.238 0.244 0.254 0.364 0.376 0.424 0.456 0.48 0.5 0.488 0.546 0.564 0.594 0.614 0.622 0.652 0.636 0.652 0.662 0.688 0.67 0.684 0.692 0.712 0.706 0.702 0.728 0.68 0.716 0.73 0.712 0.704 0.704 0.73 0.7 0.722 0.736 0.744 0.726 0.744 0.73 0.74 0.744 0.742 0.756 0.748 0.754 0.762 0.748 0.762 0.76 0.76 0.766 0.788 0.79 0.772 0.788 0.782 0.776 0.78 0.772 0.792 0.784 0.788 0.78 0.786 0.782 0.75 0.81 0.806 0.804 0.78 0.788 0.784 0.802 0.796 0.8 0.814 0.804 0.782 0.8 0.806 0.788 0.8 0.786 0.804 0.83 0.82 0.824 0.84 0.828 0.818 0.8 0.804 0.804 0.81 0.822 0.832 0.82 0.832 0.834 0.824 0.81 0.812 0.826 0.81 
====================gaussian
0 0.104 0.104 0.13 0.13 0.13 0.096 0.096 0.096 0.096 0.096 0.142 0.176 0.18 0.22 0.22 0.326 0.33 0.4 0.428 0.462 0.472 0.492 0.494 0.528 0.54 0.58 0.626 0.62 0.642 0.658 0.67 0.674 0.68 0.696 0.69 0.7 0.696 0.708 0.712 0.7 0.714 0.71 0.726 0.736 0.738 0.74 0.746 0.746 0.75 0.75 0.75 0.758 0.756 0.756 0.762 0.766 0.774 0.77 0.78 0.782 0.786 0.778 0.784 0.792 0.794 0.786 0.796 0.804 0.794 0.798 0.79 0.806 0.788 0.794 0.808 0.812 0.818 0.804 0.816 0.824 0.818 0.812 0.8 0.808 0.816 0.808 0.818 0.82 0.82 0.812 0.82 0.828 0.82 0.816 0.816 0.82 0.822 0.81 0.824 0.812 0.818 0.822 0.816 0.834 0.822 0.818 0.824 0.828 0.828 0.824 0.822 0.828 0.824 0.828 0.82 0.838 0.814 0.826 0.832 0.82 
====================gaussian
0 0.08 0.08 0.096 0.096 0.096 0.096 0.096 0.096 0.096 0.096 0.152 0.176 0.168 0.186 0.27 0.24 0.356 0.422 0.47 0.506 0.514 0.524 0.532 0.576 0.594 0.592 0.626 0.61 0.644 0.656 0.646 0.648 0.66 0.674 0.676 0.69 0.692 0.704 0.704 0.692 0.702 0.7 0.708 0.734 0.722 0.712 0.724 0.744 0.728 0.738 0.742 0.75 0.746 0.754 0.754 0.778 0.784 0.784 0.784 0.786 0.788 0.778 0.792 0.786 0.786 0.796 0.798 0.79 0.79 0.796 0.798 0.79 0.784 0.786 0.806 0.798 0.812 0.81 0.81 0.824 0.808 0.786 0.812 0.816 0.808 0.824 0.816 0.814 0.804 0.812 0.822 0.828 0.826 0.816 0.826 0.834 0.818 0.828 0.82 0.838 0.834 0.83 0.832 0.83 0.828 0.838 0.834 0.842 0.83 0.834 0.834 0.834 0.832 0.838 0.838 0.83 0.836 0.84 0.842 0.836 
====================gaussian
0 0.072 0.102 0.098 0.072 0.072 0.072 0.086 0.072 0.086 0.078 0.106 0.13 0.142 0.186 0.248 0.282 0.304 0.31 0.356 0.436 0.458 0.466 0.472 0.502 0.518 0.572 0.604 0.606 0.624 0.632 0.648 0.662 0.666 0.676 0.676 0.71 0.698 0.702 0.704 0.714 0.706 0.718 0.72 0.718 0.722 0.75 0.754 0.754 0.746 0.754 0.75 0.754 0.762 0.766 0.754 0.756 0.758 0.768 0.77 0.766 0.766 0.774 0.776 0.774 0.774 0.79 0.788 0.782 0.78 0.784 0.774 0.766 0.78 0.786 0.806 0.788 0.806 0.804 0.792 0.79 0.806 0.8 0.766 0.792 0.792 0.804 0.802 0.812 0.816 0.814 0.808 0.802 0.818 0.822 0.814 0.81 0.814 0.81 0.812 0.816 0.816 0.82 0.812 0.822 0.816 0.822 0.828 0.818 0.808 0.828 0.818 0.814 0.818 0.816 0.822 0.83 0.82 0.818 0.816 0.816 
====================gaussian
0 0.096 0.1 0.106 0.106 0.106 0.106 0.106 0.106 0.106 0.086 0.086 0.22 0.198 0.218 0.306 0.308 0.396 0.436 0.43 0.516 0.492 0.532 0.552 0.548 0.58 0.594 0.596 0.624 0.65 0.662 0.67 0.682 0.692 0.694 0.716 0.708 0.712 0.718 0.732 0.726 0.726 0.736 0.742 0.734 0.744 0.75 0.75 0.74 0.75 0.746 0.76 0.75 0.77 0.758 0.766 0.764 0.772 0.77 0.768 0.772 0.776 0.79 0.788 0.792 0.794 0.806 0.802 0.798 0.802 0.8 0.798 0.788 0.796 0.79 0.804 0.8 0.798 0.804 0.792 0.798 0.802 0.81 0.79 0.798 0.798 0.806 0.806 0.8 0.808 0.818 0.814 0.804 0.812 0.816 0.812 0.818 0.82 0.812 0.816 0.818 0.82 0.826 0.826 0.82 0.824 0.824 0.822 0.808 0.804 0.82 0.824 0.818 0.814 0.818 0.828 0.814 0.826 0.816 0.82 0.822 
====================gaussian
0 0.088 0.088 0.088 0.088 0.11 0.084 0.084 0.088 0.088 0.088 0.088 0.12 0.1 0.088 0.088 0.088 0.088 0.18 0.168 0.168 0.188 0.184 0.17 0.272 0.278 0.282 0.274 0.296 0.362 0.31 0.35 0.534 0.48 0.58 0.548 0.614 0.642 0.614 0.606 0.636 0.646 0.652 0.67 0.668 0.672 0.672 0.696 0.71 0.696 0.708 0.712 0.718 0.71 0.724 0.712 0.734 0.732 0.742 0.754 0.748 0.75 0.756 0.736 0.754 0.742 0.746 0.768 0.77 0.77 0.776 0.79 0.778 0.782 0.768 0.774 0.796 0.794 0.798 0.812 0.806 0.792 0.804 0.802 0.794 0.812 0.808 0.81 0.79 0.824 0.822 0.808 0.818 0.82 0.81 0.814 0.814 0.81 0.806 0.816 0.816 0.824 0.816 0.822 0.806 0.818 0.822 0.816 0.826 0.816 0.824 0.834 0.82 0.822 0.828 0.828 0.822 0.832 0.828 0.824 0.826 
====================gaussian
0 0.122 0.108 0.102 0.122 0.052 0.072 0.072 0.086 0.086 0.086 0.122 0.122 0.086 0.086 0.086 0.072 0.108 0.186 0.222 0.228 0.258 0.226 0.33 0.364 0.354 0.314 0.348 0.386 0.384 0.4 0.42 0.494 0.54 0.56 0.56 0.58 0.588 0.606 0.606 0.618 0.614 0.622 0.64 0.644 0.658 0.674 0.654 0.674 0.672 0.672 0.666 0.68 0.686 0.684 0.688 0.708 0.71 0.712 0.714 0.728 0.716 0.73 0.72 0.74 0.72 0.746 0.736 0.742 0.74 0.744 0.738 0.744 0.746 0.744 0.756 0.756 0.744 0.754 0.752 0.758 0.758 0.766 0.756 0.75 0.764 0.766 0.764 0.748 0.758 0.762 0.754 0.766 0.772 0.764 0.778 0.788 0.78 0.756 0.77 0.778 0.788 0.802 0.782 0.778 0.778 0.792 0.794 0.788 0.788 0.784 0.79 0.79 0.786 0.796 0.796 0.792 0.802 0.808 0.788 0.802 
====================gaussian
0 0.088 0.088 0.088 0.1 0.102 0.102 0.1 0.1 0.088 0.088 0.102 0.102 0.1 0.12 0.12 0.12 0.102 0.104 0.164 0.212 0.25 0.238 0.302 0.262 0.332 0.282 0.338 0.322 0.414 0.336 0.428 0.524 0.522 0.546 0.55 0.554 0.592 0.592 0.62 0.6 0.614 0.564 0.64 0.648 0.646 0.65 0.674 0.662 0.602 0.674 0.682 0.66 0.672 0.684 0.682 0.702 0.716 0.692 0.674 0.694 0.676 0.686 0.71 0.654 0.634 0.66 0.686 0.708 0.726 0.704 0.686 0.702 0.716 0.712 0.704 0.704 0.71 0.714 0.706 0.718 0.712 0.714 0.718 0.732 0.726 0.706 0.722 0.732 0.718 0.724 0.758 0.728 0.726 0.74 0.738 0.754 0.758 0.764 0.766 0.752 0.75 0.74 0.748 0.764 0.784 0.762 0.746 0.764 0.79 0.794 0.754 0.764 0.744 0.762 0.774 0.798 0.774 0.784 0.76 0.756 
====================gaussian
0 0.126 0.092 0.098 0.098 0.098 0.092 0.126 0.126 0.126 0.126 0.126 0.126 0.126 0.126 0.126 0.126 0.092 0.126 0.126 0.158 0.246 0.214 0.252 0.298 0.298 0.278 0.264 0.338 0.376 0.318 0.346 0.394 0.456 0.512 0.552 0.568 0.512 0.628 0.566 0.608 0.586 0.62 0.632 0.618 0.632 0.626 0.628 0.594 0.612 0.588 0.64 0.658 0.662 0.664 0.668 0.66 0.668 0.664 0.684 0.686 0.668 0.68 0.672 0.668 0.65 0.694 0.692 0.7 0.702 0.702 0.692 0.696 0.72 0.726 0.732 0.724 0.726 0.724 0.724 0.724 0.728 0.738 0.724 0.726 0.74 0.762 0.744 0.732 0.74 0.742 0.736 0.754 0.746 0.752 0.742 0.75 0.752 0.732 0.748 0.762 0.766 0.76 0.768 0.738 0.732 0.756 0.776 0.76 0.746 0.768 0.782 0.776 0.784 0.784 0.764 0.768 0.754 0.758 0.788 0.792 
====================gaussian
0 0.102 0.102 0.102 0.102 0.102 0.102 0.102 0.102 0.102 0.102 0.098 0.092 0.12 0.102 0.102 0.102 0.102 0.226 0.18 0.21 0.236 0.198 0.208 0.248 0.288 0.28 0.354 0.312 0.314 0.324 0.432 0.502 0.504 0.552 0.564 0.594 0.57 0.59 0.604 0.616 0.638 0.602 0.642 0.65 0.644 0.65 0.656 0.654 0.642 0.672 0.648 0.672 0.666 0.686 0.658 0.692 0.682 0.71 0.706 0.704 0.712 0.708 0.706 0.726 0.71 0.72 0.734 0.734 0.732 0.748 0.744 0.732 0.752 0.74 0.748 0.756 0.758 0.76 0.764 0.754 0.764 0.77 0.768 0.772 0.768 0.768 0.78 0.784 0.784 0.782 0.786 0.774 0.78 0.788 0.782 0.78 0.79 0.788 0.798 0.774 0.784 0.788 0.78 0.768 0.772 0.784 0.776 0.796 0.786 0.792 0.79 0.798 0.792 0.792 0.792 0.794 0.796 0.798 0.798 0.79 
====================gaussian
0 0.108 0.104 0.114 0.114 0.114 0.13 0.114 0.114 0.108 0.108 0.108 0.108 0.114 0.108 0.108 0.108 0.088 0.108 0.108 0.108 0.23 0.218 0.22 0.324 0.346 0.296 0.33 0.344 0.398 0.382 0.43 0.508 0.526 0.582 0.608 0.62 0.614 0.616 0.612 0.618 0.632 0.608 0.656 0.654 0.656 0.66 0.672 0.668 0.662 0.684 0.688 0.678 0.678 0.684 0.686 0.72 0.72 0.724 0.716 0.704 0.73 0.726 0.732 0.738 0.726 0.73 0.744 0.742 0.758 0.76 0.75 0.752 0.758 0.748 0.758 0.758 0.774 0.774 0.77 0.778 0.782 0.782 0.778 0.778 0.756 0.784 0.784 0.776 0.796 0.786 0.762 0.802 0.806 0.788 0.786 0.798 0.796 0.79 0.788 0.784 0.782 0.784 0.804 0.794 0.796 0.8 0.816 0.806 0.784 0.794 0.8 0.81 0.806 0.82 0.802 0.804 0.808 0.808 0.822 0.824 
====================gaussian
0 0.082 0.11 0.11 0.076 0.082 0.082 0.076 0.076 0.076 0.076 0.076 0.076 0.076 0.082 0.082 0.082 0.082 0.198 0.168 0.166 0.192 0.232 0.228 0.3 0.274 0.274 0.292 0.308 0.342 0.374 0.344 0.384 0.486 0.502 0.522 0.548 0.522 0.548 0.552 0.546 0.552 0.58 0.566 0.566 0.572 0.58 0.594 0.604 0.608 0.594 0.612 0.614 0.6 0.62 0.62 0.644 0.642 0.652 0.614 0.622 0.632 0.644 0.638 0.652 0.638 0.64 0.648 0.672 0.7 0.694 0.7 0.708 0.698 0.678 0.678 0.688 0.7 0.696 0.718 0.71 0.696 0.708 0.698 0.714 0.724 0.72 0.71 0.73 0.728 0.738 0.746 0.744 0.748 0.726 0.736 0.758 0.754 0.748 0.756 0.756 0.768 0.752 0.758 0.764 0.758 0.77 0.778 0.786 0.774 0.758 0.766 0.764 0.766 0.772 0.784 0.778 0.78 0.794 0.786 0.782 
====================gaussian
0 0.114 0.114 0.104 0.104 0.104 0.096 0.096 0.096 0.096 0.096 0.096 0.096 0.096 0.096 0.072 0.096 0.096 0.16 0.152 0.222 0.256 0.186 0.184 0.266 0.268 0.29 0.274 0.294 0.306 0.36 0.404 0.4 0.434 0.492 0.5 0.49 0.606 0.578 0.574 0.596 0.634 0.564 0.616 0.618 0.628 0.638 0.644 0.67 0.658 0.678 0.642 0.676 0.666 0.68 0.678 0.686 0.694 0.712 0.686 0.704 0.702 0.714 0.712 0.722 0.728 0.724 0.73 0.732 0.736 0.74 0.744 0.736 0.744 0.742 0.736 0.748 0.758 0.762 0.758 0.756 0.754 0.764 0.752 0.762 0.76 0.766 0.78 0.774 0.772 0.774 0.764 0.792 0.8 0.772 0.784 0.772 0.79 0.784 0.78 0.78 0.798 0.796 0.8 0.786 0.792 0.79 0.796 0.79 0.784 0.79 0.798 0.802 0.814 0.798 0.806 0.796 0.804 0.808 0.804 0.816 
====================gaussian
0 0.108 0.108 0.108 0.108 0.116 0.1 0.1 0.116 0.116 0.108 0.108 0.108 0.116 0.116 0.086 0.108 0.108 0.192 0.182 0.23 0.228 0.254 0.262 0.286 0.304 0.318 0.358 0.394 0.374 0.394 0.396 0.45 0.454 0.472 0.494 0.502 0.602 0.608 0.582 0.638 0.604 0.612 0.656 0.658 0.658 0.66 0.674 0.656 0.668 0.674 0.684 0.692 0.688 0.686 0.69 0.702 0.7 0.712 0.726 0.73 0.728 0.732 0.712 0.74 0.736 0.73 0.744 0.746 0.744 0.742 0.76 0.744 0.762 0.756 0.778 0.766 0.756 0.778 0.78 0.776 0.78 0.782 0.774 0.766 0.774 0.784 0.784 0.77 0.79 0.79 0.78 0.792 0.794 0.794 0.798 0.796 0.792 0.794 0.796 0.784 0.81 0.814 0.806 0.802 0.806 0.806 0.828 0.8 0.794 0.786 0.806 0.81 0.82 0.814 0.808 0.802 0.814 0.826 0.832 0.828 
====================gaussian
0 0.09 0.084 0.084 0.084 0.084 0.092 0.092 0.092 0.092 0.084 0.09 0.09 0.092 0.092 0.092 0.084 0.084 0.09 0.09 0.18 0.174 0.202 0.222 0.23 0.272 0.284 0.258 0.3 0.336 0.34 0.38 0.468 0.47 0.51 0.512 0.5 0.592 0.546 0.584 0.62 0.622 0.6 0.632 0.64 0.652 0.652 0.672 0.668 0.654 0.674 0.676 0.662 0.676 0.684 0.668 0.708 0.722 0.716 0.694 0.696 0.712 0.714 0.714 0.736 0.73 0.706 0.726 0.736 0.75 0.752 0.742 0.742 0.752 0.736 0.738 0.74 0.746 0.756 0.742 0.746 0.752 0.758 0.754 0.766 0.752 0.756 0.766 0.764 0.766 0.756 0.774 0.77 0.758 0.77 0.782 0.772 0.768 0.768 0.78 0.788 0.784 0.776 0.768 0.772 0.778 0.792 0.786 0.79 0.784 0.78 0.784 0.786 0.77 0.782 0.806 0.802 0.794 0.802 0.81 0.796 
====================gaussian
0 0.098 0.098 0.098 0.098 0.098 0.098 0.098 0.098 0.098 0.098 0.098 0.098 0.098 0.098 0.098 0.098 0.098 0.098 0.098 0.098 0.098 0.098 0.098 0.098 0.098 0.098 0.184 0.174 0.174 0.198 0.206 0.268 0.368 0.416 0.484 0.488 0.492 0.496 0.534 0.534 0.546 0.582 0.612 0.602 0.57 0.648 0.65 0.658 0.668 0.688 0.69 0.696 0.708 0.724 0.732 0.728 0.73 0.712 0.734 0.73 0.732 0.728 0.722 0.736 0.74 0.746 0.738 0.724 0.746 0.726 0.75 0.752 0.744 0.758 0.754 0.748 0.748 0.754 0.748 0.758 0.75 0.75 0.75 0.748 0.768 0.76 0.77 0.776 0.77 0.762 0.778 0.764 0.762 0.76 0.756 0.744 0.738 0.768 0.764 0.772 0.778 0.764 0.766 0.77 0.774 0.764 0.774 0.778 0.786 0.794 0.742 0.762 0.796 0.784 0.764 0.79 0.794 0.778 0.784 0.774 
====================gaussian
0 0.094 0.088 0.088 0.088 0.094 0.094 0.088 0.094 0.094 0.094 0.094 0.094 0.094 0.088 0.088 0.094 0.094 0.094 0.094 0.094 0.094 0.088 0.094 0.094 0.094 0.102 0.168 0.186 0.196 0.184 0.282 0.332 0.352 0.388 0.408 0.454 0.47 0.486 0.478 0.524 0.502 0.51 0.556 0.572 0.618 0.612 0.632 0.704 0.694 0.716 0.73 0.728 0.752 0.748 0.756 0.754 0.758 0.754 0.76 0.752 0.758 0.762 0.736 0.768 0.772 0.776 0.774 0.762 0.78 0.778 0.782 0.78 0.778 0.766 0.788 0.786 0.788 0.796 0.788 0.78 0.782 0.768 0.792 0.786 0.778 0.8 0.778 0.792 0.808 0.804 0.812 0.8 0.778 0.8 0.79 0.806 0.798 0.802 0.798 0.81 0.804 0.81 0.812 0.814 0.814 0.812 0.81 0.798 0.822 0.814 0.776 0.816 0.812 0.824 0.822 0.824 0.814 0.816 0.816 0.804 
====================gaussian
0 0.104 0.104 0.104 0.104 0.104 0.104 0.104 0.104 0.104 0.104 0.104 0.104 0.104 0.104 0.104 0.104 0.104 0.104 0.104 0.104 0.104 0.104 0.104 0.104 0.104 0.104 0.104 0.168 0.224 0.266 0.296 0.246 0.344 0.36 0.41 0.452 0.45 0.518 0.466 0.57 0.52 0.536 0.562 0.564 0.614 0.66 0.616 0.686 0.68 0.694 0.688 0.706 0.702 0.706 0.704 0.724 0.714 0.73 0.714 0.716 0.72 0.73 0.72 0.746 0.746 0.75 0.758 0.752 0.76 0.766 0.754 0.77 0.766 0.766 0.772 0.774 0.78 0.78 0.782 0.764 0.784 0.778 0.792 0.788 0.78 0.794 0.786 0.796 0.8 0.786 0.804 0.8 0.802 0.804 0.804 0.808 0.804 0.804 0.8 0.808 0.82 0.802 0.816 0.812 0.808 0.816 0.82 0.802 0.826 0.818 0.806 0.828 0.814 0.81 0.82 0.818 0.828 0.834 0.846 0.824 
====================gaussian
0 0.09 0.09 0.124 0.09 0.124 0.124 0.124 0.09 0.124 0.124 0.124 0.124 0.124 0.124 0.124 0.124 0.124 0.124 0.124 0.124 0.124 0.124 0.124 0.124 0.124 0.124 0.124 0.142 0.22 0.224 0.196 0.262 0.328 0.332 0.384 0.418 0.454 0.486 0.508 0.542 0.568 0.574 0.584 0.618 0.624 0.632 0.648 0.64 0.656 0.662 0.678 0.67 0.696 0.704 0.71 0.712 0.708 0.708 0.72 0.72 0.722 0.73 0.714 0.724 0.724 0.738 0.736 0.734 0.748 0.726 0.748 0.754 0.75 0.764 0.762 0.764 0.776 0.77 0.776 0.772 0.766 0.766 0.772 0.786 0.784 0.77 0.794 0.782 0.782 0.788 0.792 0.79 0.806 0.802 0.812 0.792 0.786 0.812 0.796 0.804 0.818 0.808 0.816 0.814 0.812 0.83 0.828 0.806 0.808 0.816 0.81 0.838 0.818 0.83 0.824 0.832 0.818 0.834 0.828 0.828 
====================gaussian
0 0.096 0.088 0.122 0.122 0.106 0.106 0.106 0.106 0.122 0.106 0.106 0.106 0.106 0.096 0.106 0.106 0.106 0.106 0.106 0.122 0.122 0.096 0.106 0.106 0.122 0.122 0.256 0.21 0.2 0.208 0.346 0.378 0.37 0.396 0.436 0.466 0.47 0.55 0.508 0.58 0.57 0.566 0.576 0.6 0.622 0.63 0.632 0.65 0.65 0.676 0.674 0.686 0.698 0.686 0.698 0.698 0.71 0.716 0.708 0.708 0.71 0.708 0.702 0.724 0.714 0.73 0.732 0.71 0.746 0.736 0.74 0.75 0.75 0.74 0.75 0.748 0.758 0.762 0.768 0.756 0.766 0.768 0.776 0.764 0.746 0.784 0.752 0.772 0.766 0.758 0.774 0.788 0.77 0.786 0.774 0.79 0.802 0.784 0.786 0.778 0.778 0.794 0.794 0.796 0.802 0.79 0.804 0.778 0.79 0.794 0.782 0.802 0.788 0.788 0.794 0.814 0.804 0.8 0.808 0.788 
====================gaussian
0 0.114 0.114 0.13 0.13 0.13 0.13 0.114 0.114 0.096 0.096 0.13 0.13 0.096 0.096 0.114 0.114 0.114 0.096 0.13 0.13 0.13 0.096 0.1 0.114 0.122 0.164 0.156 0.174 0.2 0.22 0.348 0.358 0.388 0.392 0.44 0.508 0.514 0.534 0.56 0.574 0.598 0.588 0.586 0.614 0.632 0.652 0.662 0.68 0.676 0.686 0.7 0.694 0.698 0.71 0.716 0.726 0.724 0.72 0.732 0.726 0.726 0.744 0.748 0.742 0.75 0.748 0.744 0.748 0.778 0.766 0.772 0.772 0.768 0.764 0.766 0.778 0.776 0.784 0.778 0.78 0.796 0.78 0.794 0.804 0.782 0.792 0.788 0.802 0.804 0.8 0.804 0.804 0.802 0.804 0.802 0.798 0.806 0.806 0.812 0.816 0.804 0.818 0.818 0.824 0.84 0.832 0.822 0.802 0.834 0.834 0.806 0.83 0.836 0.83 0.818 0.834 0.838 0.832 0.834 0.828 
====================gaussian
0 0.104 0.13 0.13 0.13 0.13 0.072 0.072 0.13 0.13 0.13 0.13 0.13 0.13 0.13 0.13 0.13 0.13 0.072 0.072 0.13 0.13 0.13 0.13 0.13 0.13 0.124 0.122 0.264 0.252 0.232 0.292 0.314 0.346 0.442 0.464 0.522 0.5 0.536 0.522 0.562 0.554 0.552 0.558 0.564 0.576 0.616 0.59 0.69 0.676 0.676 0.69 0.692 0.72 0.7 0.726 0.724 0.738 0.738 0.744 0.742 0.746 0.756 0.752 0.76 0.748 0.768 0.77 0.758 0.776 0.758 0.77 0.778 0.784 0.77 0.778 0.782 0.786 0.792 0.782 0.796 0.796 0.788 0.804 0.796 0.786 0.798 0.786 0.79 0.782 0.784 0.788 0.796 0.802 0.796 0.8 0.806 0.812 0.804 0.8 0.804 0.798 0.8 0.804 0.802 0.802 0.794 0.8 0.794 0.808 0.812 0.802 0.818 0.806 0.804 0.814 0.814 0.82 0.816 0.806 0.82 
====================gaussian
0 0.076 0.086 0.086 0.086 0.086 0.086 0.086 0.086 0.114 0.086 0.086 0.086 0.114 0.114 0.114 0.114 0.114 0.086 0.086 0.086 0.086 0.086 0.086 0.086 0.086 0.086 0.112 0.17 0.122 0.192 0.202 0.174 0.348 0.384 0.424 0.396 0.446 0.422 0.498 0.496 0.512 0.498 0.51 0.518 0.528 0.578 0.564 0.582 0.63 0.64 0.68 0.672 0.7 0.68 0.696 0.688 0.706 0.708 0.714 0.71 0.698 0.72 0.718 0.73 0.722 0.736 0.742 0.74 0.756 0.748 0.75 0.77 0.758 0.75 0.766 0.766 0.768 0.764 0.778 0.766 0.776 0.772 0.776 0.778 0.768 0.778 0.768 0.784 0.778 0.77 0.782 0.784 0.778 0.796 0.784 0.8 0.794 0.798 0.798 0.788 0.792 0.792 0.792 0.794 0.794 0.788 0.786 0.774 0.802 0.798 0.764 0.798 0.806 0.802 0.786 0.802 0.81 0.798 0.808 0.802 
====================gaussian
0 0.09 0.106 0.1 0.1 0.1 0.1 0.1 0.1 0.1 0.1 0.1 0.1 0.1 0.1 0.1 0.1 0.09 0.1 0.1 0.1 0.1 0.1 0.1 0.1 0.1 0.092 0.166 0.148 0.154 0.178 0.22 0.262 0.366 0.396 0.468 0.494 0.506 0.51 0.514 0.564 0.584 0.608 0.61 0.638 0.658 0.63 0.666 0.686 0.692 0.702 0.714 0.714 0.724 0.734 0.732 0.732 0.732 0.73 0.754 0.738 0.746 0.76 0.752 0.752 0.756 0.762 0.752 0.774 0.766 0.772 0.78 0.776 0.778 0.784 0.786 0.79 0.78 0.79 0.764 0.792 0.794 0.79 0.786 0.802 0.796 0.782 0.802 0.802 0.806 0.802 0.81 0.806 0.812 0.816 0.81 0.79 0.8 0.812 0.8 0.808 0.812 0.82 0.822 0.824 0.814 0.834 0.806 0.836 0.814 0.82 0.844 0.832 0.826 0.826 0.832 0.826 0.822 0.84 0.818 0.84 
====================gaussian
0 0.098 0.084 0.116 0.116 0.084 0.084 0.084 0.084 0.084 0.084 0.084 0.084 0.084 0.084 0.084 0.084 0.084 0.084 0.084 0.084 0.084 0.084 0.084 0.084 0.084 0.084 0.154 0.156 0.188 0.192 0.3 0.316 0.38 0.444 0.472 0.484 0.496 0.528 0.526 0.564 0.614 0.618 0.618 0.638 0.642 0.634 0.658 0.686 0.698 0.708 0.704 0.698 0.716 0.72 0.726 0.722 0.728 0.736 0.744 0.738 0.734 0.742 0.73 0.762 0.754 0.76 0.768 0.758 0.77 0.766 0.77 0.774 0.778 0.77 0.78 0.782 0.79 0.788 0.796 0.794 0.788 0.796 0.8 0.804 0.782 0.796 0.796 0.794 0.796 0.79 0.79 0.798 0.81 0.81 0.808 0.81 0.802 0.814 0.814 0.802 0.804 0.818 0.818 0.818 0.824 0.824 0.81 0.832 0.822 0.818 0.832 0.828 0.826 0.824 0.834 0.822 0.822 0.828 0.826 0.84 
====================model_negation
0 0.114 0.082 0.114 0.082 0.082 0.082 0.082 0.082 0.082 0.082 0.082 0.082 0.136 0.178 0.196 0.268 0.278 0.3 0.404 0.418 0.45 0.45 0.478 0.508 0.576 0.58 0.588 0.594 0.598 0.644 0.638 0.63 0.644 0.654 0.682 0.672 0.7 0.714 0.694 0.718 0.71 0.732 0.74 0.742 0.732 0.74 0.74 0.746 0.73 0.742 0.74 0.742 0.742 0.74 0.744 0.75 0.74 0.754 0.762 0.766 0.75 0.758 0.768 0.772 0.778 0.78 0.77 0.774 0.772 0.786 0.762 0.78 0.786 0.786 0.776 0.792 0.794 0.8 0.796 0.782 0.792 0.78 0.788 0.802 0.796 0.804 0.804 0.812 0.796 0.802 0.814 0.806 0.798 0.796 0.8 0.804 0.82 0.816 0.82 0.802 0.824 0.802 0.818 0.802 0.822 0.814 0.818 0.824 0.802 0.816 0.822 0.816 0.834 0.826 0.824 0.822 0.818 0.822 0.826 0.818 
====================model_negation
0 0.092 0.098 0.098 0.092 0.092 0.102 0.092 0.092 0.092 0.092 0.092 0.092 0.092 0.148 0.106 0.188 0.264 0.3 0.388 0.346 0.418 0.476 0.482 0.478 0.47 0.536 0.548 0.564 0.582 0.604 0.618 0.59 0.624 0.604 0.64 0.64 0.64 0.626 0.686 0.666 0.662 0.7 0.708 0.712 0.71 0.714 0.704 0.714 0.724 0.734 0.726 0.732 0.742 0.744 0.76 0.76 0.752 0.752 0.75 0.758 0.744 0.758 0.758 0.78 0.768 0.764 0.766 0.778 0.786 0.786 0.752 0.79 0.782 0.774 0.768 0.778 0.782 0.79 0.794 0.79 0.79 0.792 0.778 0.802 0.786 0.79 0.798 0.794 0.792 0.796 0.788 0.79 0.804 0.798 0.802 0.802 0.804 0.8 0.792 0.794 0.814 0.808 0.81 0.798 0.806 0.804 0.804 0.812 0.808 0.8 0.81 0.814 0.814 0.814 0.802 0.816 0.802 0.81 0.808 0.794 
====================model_negation
0 0.094 0.098 0.098 0.126 0.098 0.094 0.094 0.098 0.098 0.118 0.16 0.126 0.162 0.124 0.224 0.268 0.27 0.304 0.378 0.38 0.42 0.432 0.534 0.544 0.564 0.638 0.628 0.666 0.652 0.7 0.718 0.704 0.716 0.7 0.728 0.732 0.73 0.708 0.746 0.744 0.738 0.764 0.764 0.766 0.764 0.766 0.746 0.772 0.76 0.77 0.77 0.764 0.77 0.776 0.782 0.78 0.79 0.796 0.776 0.796 0.784 0.794 0.776 0.79 0.794 0.796 0.804 0.778 0.776 0.786 0.796 0.804 0.79 0.788 0.808 0.802 0.78 0.81 0.788 0.8 0.794 0.79 0.802 0.794 0.8 0.802 0.804 0.784 0.788 0.794 0.808 0.802 0.8 0.8 0.786 0.8 0.802 0.802 0.804 0.788 0.79 0.802 0.804 0.802 0.8 0.81 0.812 0.806 0.802 0.8 0.804 0.806 0.8 0.796 0.792 0.812 0.816 0.804 0.796 0.806 
====================model_negation
0 0.114 0.114 0.09 0.09 0.09 0.09 0.09 0.09 0.09 0.09 0.09 0.09 0.09 0.114 0.186 0.254 0.25 0.294 0.354 0.412 0.404 0.438 0.482 0.544 0.54 0.59 0.614 0.62 0.612 0.64 0.632 0.642 0.648 0.658 0.67 0.666 0.68 0.69 0.678 0.7 0.706 0.706 0.712 0.712 0.716 0.738 0.742 0.726 0.738 0.752 0.744 0.742 0.75 0.75 0.762 0.772 0.772 0.776 0.782 0.774 0.768 0.788 0.786 0.778 0.79 0.794 0.788 0.786 0.784 0.796 0.78 0.786 0.802 0.796 0.788 0.786 0.798 0.798 0.804 0.798 0.808 0.786 0.806 0.804 0.818 0.82 0.812 0.814 0.812 0.818 0.812 0.82 0.816 0.816 0.832 0.81 0.818 0.822 0.826 0.834 0.82 0.816 0.836 0.836 0.836 0.832 0.842 0.84 0.838 0.84 0.842 0.838 0.834 0.832 0.83 0.84 0.836 0.848 0.846 0.822 
====================model_negation
0 0.104 0.104 0.114 0.114 0.114 0.114 0.114 0.114 0.114 0.114 0.114 0.114 0.114 0.128 0.148 0.254 0.292 0.298 0.404 0.404 0.452 0.42 0.486 0.508 0.554 0.58 0.598 0.658 0.644 0.628 0.642 0.646 0.64 0.618 0.678 0.62 0.698 0.678 0.688 0.686 0.716 0.71 0.71 0.72 0.698 0.74 0.738 0.742 0.75 0.74 0.75 0.748 0.764 0.746 0.746 0.748 0.756 0.762 0.76 0.778 0.77 0.774 0.76 0.774 0.768 0.78 0.766 0.762 0.75 0.754 0.786 0.776 0.752 0.764 0.778 0.768 0.772 0.776 0.77 0.786 0.788 0.786 0.782 0.784 0.792 0.792 0.79 0.764 0.768 0.774 0.794 0.784 0.792 0.778 0.796 0.784 0.788 0.804 0.804 0.782 0.794 0.796 0.806 0.792 0.796 0.794 0.798 0.818 0.818 0.814 0.812 0.818 0.814 0.8 0.79 0.796 0.808 0.812 0.804 0.796 
====================model_negation
0 0.096 0.104 0.09 0.09 0.09 0.096 0.096 0.096 0.096 0.104 0.096 0.096 0.096 0.096 0.224 0.282 0.324 0.356 0.44 0.43 0.478 0.552 0.596 0.542 0.538 0.624 0.628 0.646 0.646 0.672 0.668 0.674 0.678 0.678 0.682 0.692 0.69 0.692 0.696 0.696 0.698 0.712 0.71 0.714 0.716 0.72 0.728 0.736 0.74 0.734 0.734 0.742 0.744 0.736 0.744 0.736 0.736 0.752 0.762 0.748 0.756 0.76 0.76 0.754 0.758 0.772 0.768 0.768 0.774 0.758 0.778 0.782 0.79 0.788 0.782 0.782 0.78 0.788 0.786 0.792 0.788 0.788 0.784 0.796 0.794 0.796 0.8 0.794 0.782 0.804 0.802 0.81 0.812 0.808 0.816 0.808 0.816 0.824 0.818 0.806 0.81 0.808 0.828 0.806 0.82 0.818 0.808 0.818 0.82 0.814 0.816 0.824 0.826 0.826 0.81 0.81 0.818 0.828 0.83 0.82 
====================model_negation
0 0.102 0.102 0.102 0.102 0.102 0.102 0.102 0.102 0.102 0.098 0.098 0.098 0.106 0.138 0.216 0.286 0.3 0.302 0.41 0.452 0.474 0.436 0.51 0.548 0.61 0.62 0.64 0.648 0.642 0.652 0.664 0.664 0.676 0.672 0.678 0.69 0.686 0.668 0.696 0.698 0.694 0.706 0.708 0.716 0.71 0.71 0.724 0.724 0.714 0.724 0.742 0.734 0.732 0.768 0.742 0.76 0.77 0.768 0.748 0.768 0.77 0.774 0.768 0.774 0.766 0.784 0.786 0.774 0.776 0.784 0.774 0.786 0.78 0.772 0.79 0.796 0.784 0.804 0.804 0.798 0.802 0.804 0.808 0.802 0.802 0.804 0.812 0.806 0.814 0.822 0.816 0.81 0.81 0.81 0.814 0.814 0.812 0.81 0.812 0.808 0.82 0.814 0.826 0.806 0.818 0.812 0.828 0.822 0.824 0.824 0.828 0.824 0.828 0.838 0.836 0.81 0.824 0.832 0.828 0.84 
====================model_negation
0 0.072 0.072 0.122 0.104 0.104 0.104 0.104 0.104 0.104 0.104 0.072 0.122 0.072 0.116 0.144 0.144 0.248 0.298 0.382 0.398 0.48 0.426 0.526 0.542 0.548 0.604 0.62 0.636 0.622 0.662 0.654 0.64 0.656 0.632 0.674 0.67 0.694 0.658 0.694 0.69 0.694 0.708 0.716 0.716 0.72 0.706 0.722 0.728 0.734 0.726 0.744 0.736 0.742 0.742 0.752 0.754 0.756 0.748 0.76 0.76 0.748 0.752 0.758 0.774 0.778 0.764 0.768 0.77 0.782 0.786 0.79 0.77 0.782 0.768 0.772 0.78 0.804 0.784 0.792 0.806 0.792 0.804 0.802 0.802 0.802 0.796 0.804 0.782 0.796 0.798 0.798 0.81 0.8 0.816 0.802 0.798 0.808 0.804 0.802 0.794 0.802 0.79 0.818 0.824 0.802 0.822 0.812 0.798 0.826 0.818 0.812 0.81 0.804 0.808 0.796 0.8 0.818 0.82 0.812 0.822 
====================model_negation
0 0.11 0.11 0.11 0.11 0.11 0.11 0.11 0.11 0.11 0.11 0.11 0.12 0.11 0.11 0.214 0.3 0.34 0.394 0.388 0.422 0.448 0.438 0.51 0.522 0.572 0.592 0.612 0.664 0.664 0.628 0.65 0.68 0.678 0.684 0.704 0.654 0.722 0.75 0.68 0.718 0.74 0.716 0.712 0.732 0.7 0.76 0.756 0.742 0.734 0.746 0.748 0.732 0.74 0.744 0.768 0.746 0.772 0.784 0.784 0.75 0.762 0.784 0.792 0.78 0.778 0.796 0.79 0.8 0.79 0.784 0.778 0.794 0.796 0.79 0.806 0.802 0.794 0.804 0.806 0.8 0.798 0.798 0.798 0.814 0.808 0.804 0.822 0.81 0.808 0.806 0.818 0.814 0.814 0.796 0.814 0.828 0.822 0.822 0.822 0.798 0.816 0.826 0.826 0.796 0.814 0.832 0.822 0.818 0.81 0.816 0.832 0.818 0.828 0.818 0.81 0.812 0.82 0.824 0.826 0.828 
====================model_negation
0 0.108 0.108 0.108 0.108 0.108 0.108 0.1 0.1 0.1 0.108 0.108 0.108 0.108 0.132 0.258 0.282 0.318 0.306 0.446 0.44 0.472 0.504 0.536 0.546 0.572 0.6 0.594 0.656 0.634 0.648 0.654 0.652 0.64 0.64 0.696 0.63 0.716 0.702 0.664 0.68 0.706 0.706 0.688 0.718 0.674 0.746 0.74 0.734 0.73 0.732 0.74 0.71 0.716 0.75 0.742 0.742 0.772 0.77 0.76 0.732 0.742 0.77 0.78 0.744 0.752 0.774 0.782 0.796 0.764 0.768 0.78 0.764 0.76 0.76 0.8 0.774 0.772 0.774 0.786 0.792 0.794 0.786 0.786 0.788 0.776 0.78 0.794 0.786 0.78 0.794 0.806 0.798 0.788 0.782 0.768 0.798 0.8 0.794 0.792 0.772 0.796 0.81 0.798 0.766 0.798 0.794 0.796 0.798 0.784 0.794 0.808 0.794 0.804 0.794 0.794 0.78 0.778 0.794 0.79 0.818 
====================model_negation
0 0.072 0.126 0.072 0.072 0.072 0.072 0.072 0.072 0.13 0.114 0.106 0.146 0.176 0.16 0.24 0.332 0.316 0.432 0.402 0.476 0.494 0.562 0.57 0.56 0.618 0.654 0.68 0.666 0.672 0.662 0.688 0.672 0.708 0.68 0.72 0.722 0.736 0.724 0.738 0.736 0.748 0.72 0.738 0.746 0.75 0.746 0.744 0.764 0.754 0.754 0.742 0.772 0.768 0.758 0.762 0.77 0.774 0.774 0.782 0.792 0.796 0.792 0.792 0.762 0.78 0.798 0.796 0.804 0.796 0.806 0.798 0.806 0.808 0.798 0.8 0.804 0.808 0.802 0.81 0.812 0.812 0.83 0.822 0.822 0.832 0.812 0.816 0.834 0.836 0.832 0.812 0.834 0.826 0.82 0.838 0.842 0.826 0.818 0.828 0.84 0.838 0.83 0.834 0.832 0.826 0.842 0.844 0.842 0.84 0.84 0.838 0.84 0.842 0.83 0.842 0.838 0.852 0.846 0.846 0.836 
====================model_negation
0 0.088 0.122 0.106 0.106 0.108 0.096 0.096 0.096 0.096 0.096 0.096 0.21 0.214 0.304 0.282 0.31 0.376 0.45 0.508 0.538 0.54 0.562 0.568 0.586 0.642 0.658 0.676 0.682 0.69 0.692 0.704 0.722 0.724 0.714 0.73 0.726 0.748 0.746 0.748 0.75 0.76 0.742 0.746 0.754 0.762 0.772 0.766 0.768 0.776 0.766 0.76 0.77 0.788 0.772 0.784 0.784 0.792 0.782 0.792 0.786 0.798 0.798 0.796 0.782 0.802 0.806 0.8 0.804 0.798 0.8 0.804 0.812 0.806 0.804 0.808 0.82 0.808 0.808 0.814 0.816 0.812 0.81 0.814 0.808 0.814 0.818 0.818 0.81 0.812 0.81 0.816 0.812 0.814 0.816 0.814 0.812 0.806 0.82 0.83 0.828 0.822 0.826 0.82 0.828 0.818 0.824 0.814 0.828 0.832 0.832 0.828 0.828 0.828 0.824 0.832 0.834 0.824 0.82 0.824 0.824 
====================model_negation
0 0.09 0.114 0.114 0.114 0.114 0.114 0.114 0.114 0.114 0.114 0.114 0.228 0.236 0.226 0.292 0.32 0.376 0.394 0.412 0.48 0.516 0.532 0.536 0.572 0.616 0.64 0.664 0.69 0.678 0.686 0.698 0.69 0.706 0.69 0.714 0.72 0.736 0.736 0.722 0.722 0.742 0.738 0.736 0.734 0.726 0.738 0.72 0.742 0.738 0.736 0.748 0.756 0.742 0.764 0.764 0.766 0.774 0.782 0.782 0.782 0.794 0.794 0.798 0.788 0.798 0.79 0.818 0.806 0.804 0.8 0.81 0.812 0.818 0.818 0.816 0.794 0.812 0.824 0.814 0.82 0.814 0.828 0.806 0.824 0.828 0.824 0.82 0.818 0.824 0.828 0.808 0.83 0.816 0.826 0.838 0.834 0.826 0.828 0.828 0.822 0.82 0.81 0.828 0.818 0.822 0.826 0.836 0.826 0.828 0.83 0.838 0.836 0.83 0.826 0.838 0.832 0.832 0.822 0.828 0.82 
====================model_negation
0 0.126 0.088 0.092 0.092 0.088 0.088 0.088 0.088 0.088 0.088 0.16 0.198 0.236 0.248 0.31 0.304 0.384 0.374 0.452 0.494 0.534 0.542 0.57 0.55 0.596 0.632 0.654 0.668 0.684 0.686 0.69 0.698 0.714 0.692 0.73 0.72 0.704 0.728 0.732 0.742 0.72 0.724 0.76 0.742 0.758 0.764 0.76 0.756 0.77 0.768 0.764 0.766 0.772 0.75 0.766 0.772 0.78 0.792 0.768 0.762 0.786 0.778 0.77 0.75 0.794 0.816 0.802 0.798 0.784 0.78 0.798 0.812 0.802 0.792 0.778 0.806 0.804 0.802 0.794 0.806 0.802 0.814 0.788 0.802 0.818 0.814 0.804 0.802 0.802 0.82 0.81 0.824 0.808 0.818 0.828 0.82 0.834 0.83 0.824 0.82 0.822 0.836 0.812 0.836 0.834 0.838 0.834 0.846 0.832 0.838 0.828 0.832 0.84 0.84 0.816 0.832 0.846 0.842 0.834 0.818 
====================model_negation
0 0.122 0.122 0.122 0.122 0.104 0.104 0.122 0.122 0.106 0.104 0.068 0.196 0.232 0.306 0.3 0.294 0.32 0.404 0.418 0.552 0.594 0.632 0.602 0.646 0.678 0.682 0.678 0.7 0.69 0.704 0.72 0.716 0.718 0.718 0.72 0.72 0.712 0.722 0.736 0.732 0.722 0.722 0.734 0.728 0.738 0.748 0.744 0.744 0.742 0.754 0.748 0.752 0.776 0.768 0.768 0.766 0.768 0.768 0.774 0.79 0.788 0.778 0.774 0.766 0.762 0.774 0.792 0.798 0.794 0.792 0.79 0.802 0.8 0.8 0.808 0.806 0.794 0.794 0.796 0.806 0.82 0.826 0.818 0.824 0.816 0.83 0.826 0.83 0.812 0.83 0.818 0.818 0.82 0.832 0.832 0.818 0.828 0.838 0.84 0.83 0.832 0.836 0.83 0.842 0.85 0.828 0.836 0.834 0.83 0.824 0.832 0.82 0.838 0.842 0.83 0.846 0.85 0.84 0.85 0.848 
====================model_negation
0 0.114 0.096 0.114 0.096 0.096 0.114 0.114 0.098 0.114 0.114 0.184 0.192 0.194 0.226 0.224 0.322 0.336 0.446 0.486 0.538 0.552 0.582 0.588 0.58 0.636 0.664 0.676 0.69 0.682 0.692 0.696 0.714 0.73 0.724 0.722 0.722 0.732 0.73 0.732 0.736 0.742 0.722 0.736 0.742 0.736 0.748 0.736 0.75 0.744 0.754 0.752 0.748 0.758 0.772 0.782 0.778 0.788 0.774 0.788 0.788 0.79 0.782 0.798 0.782 0.788 0.8 0.802 0.81 0.818 0.822 0.828 0.81 0.816 0.824 0.82 0.818 0.816 0.832 0.838 0.832 0.826 0.834 0.84 0.836 0.832 0.84 0.838 0.838 0.842 0.84 0.84 0.842 0.836 0.844 0.84 0.834 0.842 0.832 0.838 0.842 0.854 0.85 0.834 0.846 0.83 0.848 0.84 0.854 0.858 0.86 0.866 0.856 0.854 0.842 0.87 0.858 0.858 0.86 0.86 0.852 
====================model_negation
0 0.098 0.12 0.12 0.12 0.12 0.12 0.12 0.096 0.096 0.16 0.12 0.212 0.192 0.204 0.226 0.332 0.308 0.382 0.396 0.468 0.546 0.57 0.564 0.552 0.618 0.622 0.674 0.676 0.684 0.682 0.65 0.636 0.692 0.662 0.678 0.674 0.678 0.696 0.668 0.686 0.672 0.706 0.724 0.7 0.7 0.708 0.708 0.696 0.72 0.708 0.742 0.742 0.72 0.716 0.738 0.752 0.764 0.766 0.74 0.732 0.746 0.776 0.756 0.776 0.804 0.788 0.786 0.786 0.776 0.776 0.8 0.798 0.79 0.806 0.782 0.8 0.802 0.82 0.81 0.81 0.81 0.804 0.788 0.808 0.802 0.798 0.792 0.804 0.814 0.818 0.808 0.832 0.828 0.83 0.814 0.838 0.826 0.814 0.832 0.832 0.824 0.822 0.808 0.824 0.81 0.832 0.84 0.832 0.844 0.854 0.836 0.856 0.846 0.832 0.838 0.834 0.842 0.834 0.84 0.82 
====================model_negation
0 0.09 0.09 0.09 0.09 0.124 0.1 0.1 0.1 0.1 0.16 0.2 0.218 0.216 0.202 0.334 0.306 0.358 0.336 0.396 0.436 0.542 0.532 0.558 0.612 0.642 0.66 0.682 0.682 0.702 0.706 0.686 0.698 0.714 0.72 0.716 0.738 0.742 0.744 0.73 0.728 0.752 0.762 0.746 0.75 0.734 0.756 0.752 0.752 0.754 0.752 0.756 0.754 0.766 0.774 0.782 0.778 0.784 0.786 0.78 0.796 0.798 0.792 0.786 0.786 0.796 0.792 0.794 0.798 0.796 0.812 0.808 0.82 0.814 0.822 0.82 0.816 0.812 0.812 0.822 0.83 0.832 0.838 0.838 0.84 0.842 0.834 0.838 0.834 0.846 0.842 0.832 0.84 0.84 0.848 0.84 0.842 0.846 0.85 0.856 0.856 0.854 0.846 0.844 0.848 0.86 0.846 0.85 0.85 0.852 0.846 0.846 0.862 0.848 0.842 0.856 0.86 0.854 0.848 0.844 0.844 
====================model_negation
0 0.066 0.066 0.066 0.118 0.118 0.118 0.092 0.092 0.098 0.092 0.092 0.22 0.218 0.262 0.258 0.29 0.302 0.354 0.408 0.426 0.5 0.53 0.55 0.538 0.59 0.636 0.656 0.652 0.638 0.644 0.672 0.666 0.674 0.68 0.692 0.682 0.676 0.69 0.7 0.718 0.714 0.702 0.714 0.724 0.736 0.75 0.756 0.748 0.76 0.75 0.77 0.766 0.762 0.76 0.776 0.772 0.8 0.79 0.802 0.782 0.8 0.788 0.796 0.78 0.8 0.8 0.82 0.818 0.808 0.81 0.824 0.808 0.812 0.82 0.81 0.808 0.804 0.828 0.826 0.826 0.82 0.832 0.826 0.818 0.824 0.83 0.816 0.818 0.832 0.832 0.824 0.836 0.83 0.836 0.836 0.836 0.838 0.826 0.828 0.838 0.83 0.82 0.84 0.836 0.818 0.848 0.838 0.84 0.85 0.838 0.842 0.846 0.838 0.832 0.852 0.844 0.85 0.85 0.85 0.836 
====================model_negation
0 0.084 0.1 0.1 0.1 0.084 0.084 0.094 0.094 0.094 0.094 0.094 0.18 0.184 0.192 0.3 0.298 0.41 0.404 0.416 0.464 0.448 0.568 0.618 0.6 0.652 0.668 0.7 0.68 0.684 0.698 0.704 0.72 0.736 0.732 0.756 0.738 0.752 0.764 0.774 0.752 0.768 0.756 0.756 0.774 0.778 0.784 0.776 0.792 0.782 0.8 0.796 0.802 0.804 0.786 0.824 0.802 0.818 0.822 0.816 0.816 0.824 0.82 0.81 0.808 0.83 0.83 0.836 0.828 0.828 0.824 0.836 0.832 0.836 0.84 0.844 0.83 0.84 0.838 0.83 0.84 0.838 0.83 0.84 0.848 0.838 0.84 0.846 0.848 0.848 0.852 0.842 0.864 0.862 0.856 0.852 0.848 0.846 0.854 0.864 0.854 0.848 0.85 0.854 0.856 0.852 0.858 0.86 0.86 0.85 0.854 0.856 0.864 0.854 0.85 0.86 0.86 0.848 0.85 0.864 0.848 
====================model_negation
0 0.09 0.12 0.096 0.09 0.09 0.12 0.12 0.12 0.12 0.09 0.088 0.088 0.088 0.088 0.12 0.12 0.142 0.162 0.176 0.212 0.186 0.342 0.41 0.428 0.446 0.468 0.526 0.584 0.618 0.618 0.628 0.632 0.666 0.68 0.692 0.702 0.698 0.686 0.728 0.724 0.732 0.716 0.728 0.73 0.756 0.756 0.73 0.742 0.742 0.732 0.74 0.766 0.732 0.744 0.742 0.758 0.784 0.776 0.776 0.784 0.776 0.78 0.738 0.772 0.758 0.788 0.798 0.79 0.776 0.784 0.768 0.794 0.746 0.75 0.8 0.778 0.796 0.772 0.78 0.784 0.778 0.768 0.786 0.768 0.79 0.782 0.784 0.792 0.786 0.82 0.82 0.802 0.794 0.798 0.814 0.822 0.794 0.804 0.796 0.792 0.816 0.804 0.788 0.794 0.802 0.8 0.802 0.82 0.82 0.828 0.79 0.8 0.822 0.816 0.832 0.83 0.806 0.812 0.814 0.786 
====================model_negation
0 0.114 0.114 0.114 0.114 0.114 0.114 0.114 0.114 0.114 0.114 0.114 0.114 0.114 0.114 0.114 0.114 0.12 0.12 0.236 0.236 0.28 0.226 0.364 0.416 0.45 0.472 0.506 0.528 0.602 0.622 0.638 0.654 0.662 0.67 0.686 0.69 0.696 0.7 0.71 0.71 0.706 0.716 0.72 0.734 0.736 0.74 0.746 0.742 0.736 0.746 0.748 0.744 0.758 0.75 0.744 0.756 0.762 0.762 0.762 0.752 0.768 0.772 0.778 0.78 0.78 0.77 0.772 0.774 0.77 0.782 0.782 0.796 0.782 0.786 0.784 0.786 0.788 0.794 0.79 0.794 0.802 0.794 0.792 0.794 0.8 0.794 0.8 0.792 0.796 0.79 0.8 0.804 0.804 0.806 0.806 0.806 0.81 0.802 0.808 0.808 0.81 0.802 0.812 0.814 0.812 0.804 0.814 0.814 0.816 0.814 0.802 0.812 0.818 0.826 0.822 0.818 0.826 0.832 0.834 0.812 
====================model_negation
0 0.126 0.08 0.08 0.126 0.126 0.126 0.072 0.072 0.104 0.126 0.126 0.126 0.126 0.126 0.126 0.126 0.196 0.2 0.206 0.204 0.232 0.346 0.344 0.444 0.48 0.486 0.518 0.582 0.606 0.608 0.614 0.612 0.63 0.644 0.646 0.66 0.664 0.668 0.668 0.692 0.686 0.686 0.696 0.712 0.714 0.716 0.734 0.714 0.736 0.722 0.738 0.734 0.764 0.75 0.748 0.746 0.732 0.754 0.758 0.758 0.752 0.764 0.766 0.778 0.774 0.764 0.77 0.774 0.772 0.776 0.78 0.788 0.792 0.788 0.78 0.79 0.782 0.79 0.79 0.786 0.8 0.798 0.8 0.79 0.808 0.79 0.784 0.792 0.802 0.798 0.794 0.79 0.806 0.79 0.802 0.804 0.796 0.794 0.808 0.81 0.808 0.798 0.8 0.816 0.812 0.804 0.796 0.802 0.798 0.81 0.814 0.802 0.814 0.806 0.8 0.81 0.814 0.82 0.824 0.824 
====================model_negation
0 0.09 0.108 0.088 0.088 0.088 0.1 0.088 0.088 0.088 0.088 0.088 0.088 0.088 0.088 0.088 0.088 0.126 0.108 0.224 0.246 0.236 0.298 0.464 0.482 0.5 0.486 0.554 0.544 0.616 0.628 0.632 0.63 0.664 0.678 0.684 0.696 0.7 0.69 0.7 0.712 0.718 0.72 0.736 0.742 0.734 0.754 0.746 0.752 0.742 0.74 0.758 0.762 0.764 0.756 0.76 0.762 0.75 0.758 0.768 0.772 0.766 0.772 0.772 0.776 0.778 0.768 0.768 0.77 0.778 0.764 0.794 0.788 0.792 0.804 0.79 0.79 0.792 0.802 0.812 0.796 0.796 0.806 0.804 0.804 0.808 0.802 0.8 0.808 0.802 0.79 0.79 0.81 0.796 0.802 0.802 0.804 0.804 0.802 0.808 0.806 0.804 0.796 0.814 0.81 0.808 0.81 0.802 0.808 0.82 0.804 0.804 0.802 0.804 0.814 0.808 0.812 0.816 0.812 0.818 0.808 
====================model_negation
0 0.122 0.122 0.1 0.09 0.09 0.09 0.09 0.09 0.084 0.084 0.084 0.09 0.09 0.09 0.09 0.09 0.09 0.176 0.204 0.202 0.26 0.312 0.454 0.492 0.506 0.528 0.538 0.582 0.596 0.602 0.616 0.654 0.664 0.672 0.68 0.686 0.698 0.692 0.7 0.714 0.716 0.72 0.72 0.72 0.736 0.736 0.734 0.752 0.74 0.744 0.752 0.752 0.75 0.752 0.752 0.758 0.762 0.764 0.762 0.756 0.77 0.764 0.754 0.766 0.772 0.766 0.778 0.784 0.784 0.79 0.774 0.786 0.778 0.786 0.792 0.788 0.794 0.798 0.786 0.782 0.798 0.794 0.794 0.802 0.812 0.806 0.814 0.804 0.822 0.794 0.806 0.808 0.826 0.818 0.822 0.818 0.82 0.822 0.824 0.834 0.83 0.816 0.808 0.818 0.828 0.838 0.828 0.836 0.844 0.822 0.832 0.82 0.83 0.842 0.85 0.84 0.828 0.832 0.84 0.834 
====================model_negation
0 0.108 0.086 0.09 0.09 0.09 0.09 0.09 0.09 0.09 0.09 0.09 0.09 0.09 0.09 0.09 0.09 0.09 0.144 0.232 0.206 0.246 0.218 0.322 0.388 0.428 0.454 0.56 0.566 0.588 0.588 0.628 0.66 0.68 0.692 0.704 0.71 0.712 0.692 0.728 0.724 0.722 0.718 0.732 0.74 0.742 0.738 0.74 0.74 0.732 0.736 0.75 0.748 0.758 0.752 0.75 0.758 0.756 0.768 0.748 0.762 0.766 0.762 0.774 0.78 0.782 0.768 0.77 0.78 0.796 0.794 0.798 0.784 0.78 0.804 0.796 0.788 0.812 0.8 0.806 0.8 0.81 0.806 0.822 0.808 0.808 0.812 0.812 0.808 0.814 0.82 0.81 0.824 0.828 0.824 0.826 0.824 0.824 0.82 0.816 0.826 0.83 0.822 0.822 0.814 0.826 0.82 0.816 0.826 0.826 0.824 0.82 0.816 0.83 0.822 0.826 0.84 0.832 0.828 0.832 0.826 
====================model_negation
0 0.104 0.098 0.126 0.126 0.098 0.098 0.098 0.098 0.098 0.098 0.086 0.086 0.098 0.098 0.098 0.098 0.126 0.18 0.174 0.184 0.204 0.344 0.384 0.454 0.468 0.48 0.532 0.572 0.594 0.604 0.634 0.638 0.648 0.66 0.68 0.69 0.724 0.692 0.718 0.738 0.73 0.742 0.74 0.746 0.744 0.758 0.734 0.77 0.74 0.75 0.76 0.764 0.75 0.756 0.754 0.764 0.758 0.75 0.746 0.744 0.782 0.776 0.768 0.78 0.764 0.784 0.782 0.776 0.792 0.786 0.774 0.774 0.786 0.764 0.784 0.79 0.784 0.794 0.772 0.77 0.77 0.784 0.77 0.8 0.788 0.8 0.794 0.782 0.802 0.776 0.79 0.792 0.798 0.808 0.798 0.792 0.8 0.804 0.806 0.816 0.79 0.808 0.802 0.798 0.81 0.798 0.816 0.796 0.8 0.808 0.806 0.808 0.822 0.808 0.8 0.804 0.798 0.808 0.802 0.804 
====================model_negation
0 0.12 0.098 0.098 0.098 0.098 0.098 0.098 0.098 0.098 0.098 0.092 0.1 0.098 0.098 0.098 0.098 0.18 0.116 0.2 0.216 0.234 0.246 0.43 0.414 0.472 0.454 0.478 0.552 0.588 0.606 0.62 0.604 0.628 0.654 0.668 0.676 0.686 0.678 0.694 0.692 0.692 0.7 0.694 0.7 0.71 0.706 0.7 0.708 0.71 0.72 0.708 0.71 0.712 0.712 0.728 0.74 0.726 0.742 0.734 0.746 0.738 0.74 0.726 0.736 0.742 0.736 0.738 0.756 0.746 0.76 0.744 0.748 0.75 0.748 0.768 0.772 0.774 0.768 0.758 0.746 0.776 0.784 0.77 0.8 0.788 0.79 0.786 0.766 0.802 0.774 0.772 0.786 0.792 0.798 0.8 0.794 0.804 0.804 0.816 0.796 0.79 0.798 0.776 0.792 0.804 0.812 0.796 0.802 0.788 0.806 0.802 0.804 0.802 0.794 0.798 0.796 0.788 0.806 0.806 0.806 
====================model_negation
0 0.104 0.108 0.086 0.104 0.086 0.098 0.098 0.098 0.098 0.098 0.098 0.098 0.098 0.098 0.086 0.098 0.098 0.194 0.23 0.224 0.24 0.318 0.388 0.406 0.442 0.492 0.554 0.552 0.61 0.62 0.654 0.652 0.674 0.676 0.696 0.702 0.706 0.686 0.704 0.706 0.726 0.706 0.722 0.722 0.722 0.734 0.736 0.732 0.726 0.716 0.732 0.746 0.742 0.734 0.738 0.752 0.738 0.752 0.762 0.766 0.768 0.776 0.77 0.776 0.774 0.776 0.768 0.772 0.774 0.778 0.788 0.776 0.784 0.792 0.788 0.788 0.792 0.8 0.798 0.794 0.81 0.812 0.808 0.816 0.814 0.81 0.81 0.816 0.808 0.802 0.802 0.808 0.818 0.808 0.812 0.816 0.804 0.806 0.812 0.816 0.814 0.812 0.82 0.824 0.812 0.814 0.82 0.82 0.818 0.824 0.82 0.82 0.824 0.822 0.826 0.826 0.826 0.826 0.828 0.822 
====================model_negation
0 0.106 0.12 0.098 0.098 0.098 0.098 0.084 0.084 0.084 0.084 0.084 0.094 0.094 0.098 0.098 0.106 0.106 0.106 0.194 0.224 0.296 0.282 0.426 0.474 0.504 0.532 0.634 0.644 0.65 0.64 0.664 0.666 0.678 0.684 0.71 0.734 0.732 0.732 0.752 0.748 0.746 0.756 0.756 0.76 0.754 0.76 0.768 0.766 0.766 0.768 0.768 0.762 0.77 0.768 0.772 0.772 0.754 0.766 0.768 0.792 0.772 0.788 0.788 0.782 0.784 0.786 0.776 0.79 0.8 0.79 0.812 0.802 0.794 0.812 0.81 0.798 0.812 0.812 0.812 0.804 0.822 0.806 0.822 0.808 0.804 0.808 0.808 0.808 0.81 0.824 0.818 0.81 0.814 0.812 0.81 0.806 0.806 0.816 0.816 0.812 0.814 0.796 0.814 0.828 0.83 0.826 0.812 0.816 0.822 0.816 0.816 0.82 0.822 0.826 0.824 0.82 0.818 0.828 0.822 0.82 
====================grad_scale
0 0.126 0.114 0.072 0.126 0.126 0.126 0.072 0.072 0.104 0.104 0.104 0.072 0.072 0.092 0.104 0.156 0.16 0.188 0.224 0.248 0.33 0.372 0.458 0.466 0.494 0.504 0.534 0.552 0.552 0.572 0.588 0.606 0.62 0.612 0.62 0.624 0.64 0.64 0.662 0.672 0.684 0.674 0.694 0.694 0.7 0.69 0.692 0.698 0.704 0.714 0.714 0.718 0.74 0.714 0.734 0.736 0.742 0.74 0.738 0.756 0.752 0.768 0.748 0.754 0.766 0.756 0.768 0.772 0.766 0.788 0.788 0.786 0.776 0.784 0.796 0.79 0.8 0.804 0.804 0.796 0.802 0.818 0.8 0.804 0.808 0.814 0.806 0.806 0.804 0.824 0.812 0.794 0.804 0.826 0.82 0.812 0.818 0.822 0.808 0.822 0.816 0.826 0.824 0.828 0.828 0.828 0.826 0.818 0.826 0.822 0.832 0.826 0.824 0.82 0.834 0.834 0.832 0.834 0.832 0.838 
====================grad_scale
0 0.132 0.114 0.114 0.114 0.114 0.114 0.076 0.076 0.076 0.088 0.088 0.082 0.082 0.076 0.126 0.174 0.2 0.222 0.258 0.256 0.372 0.37 0.422 0.448 0.47 0.5 0.496 0.54 0.542 0.562 0.564 0.572 0.568 0.594 0.612 0.584 0.608 0.652 0.644 0.662 0.678 0.674 0.704 0.7 0.696 0.704 0.686 0.702 0.722 0.718 0.728 0.726 0.73 0.72 0.728 0.718 0.738 0.738 0.732 0.746 0.748 0.768 0.744 0.75 0.754 0.752 0.75 0.762 0.758 0.762 0.776 0.772 0.768 0.758 0.764 0.774 0.784 0.794 0.788 0.8 0.79 0.786 0.808 0.802 0.798 0.808 0.796 0.81 0.802 0.804 0.818 0.792 0.808 0.806 0.822 0.802 0.798 0.812 0.808 0.818 0.816 0.81 0.82 0.818 0.816 0.806 0.806 0.798 0.818 0.812 0.826 0.824 0.814 0.818 0.816 0.82 0.818 0.812 0.82 0.81 
====================grad_scale
0 0.096 0.122 0.122 0.116 0.1 0.1 0.1 0.1 0.1 0.1 0.1 0.1 0.1 0.086 0.088 0.16 0.172 0.204 0.21 0.252 0.32 0.346 0.436 0.43 0.442 0.452 0.516 0.54 0.564 0.566 0.596 0.606 0.616 0.632 0.646 0.626 0.66 0.658 0.664 0.658 0.68 0.688 0.68 0.682 0.672 0.686 0.724 0.71 0.718 0.7 0.72 0.708 0.72 0.746 0.732 0.716 0.736 0.736 0.746 0.746 0.75 0.76 0.756 0.764 0.75 0.754 0.766 0.75 0.762 0.78 0.774 0.776 0.78 0.776 0.768 0.782 0.774 0.772 0.786 0.782 0.786 0.784 0.78 0.788 0.79 0.786 0.796 0.788 0.798 0.792 0.786 0.788 0.79 0.788 0.786 0.792 0.782 0.792 0.796 0.79 0.794 0.794 0.8 0.806 0.794 0.796 0.792 0.804 0.8 0.804 0.798 0.816 0.804 0.798 0.8 0.798 0.802 0.812 0.808 0.806 
====================grad_scale
0 0.122 0.122 0.092 0.122 0.122 0.084 0.084 0.122 0.084 0.084 0.092 0.092 0.092 0.092 0.124 0.186 0.192 0.2 0.16 0.212 0.168 0.208 0.406 0.422 0.42 0.462 0.51 0.526 0.538 0.544 0.568 0.576 0.586 0.61 0.598 0.638 0.616 0.652 0.624 0.684 0.674 0.65 0.706 0.678 0.72 0.724 0.678 0.684 0.708 0.68 0.72 0.72 0.726 0.702 0.696 0.734 0.72 0.718 0.698 0.73 0.738 0.74 0.722 0.738 0.728 0.724 0.718 0.726 0.744 0.762 0.756 0.748 0.744 0.748 0.786 0.722 0.74 0.752 0.768 0.768 0.8 0.776 0.782 0.752 0.8 0.774 0.772 0.79 0.788 0.77 0.782 0.778 0.798 0.778 0.782 0.784 0.814 0.804 0.804 0.814 0.818 0.804 0.8 0.806 0.808 0.79 0.804 0.788 0.802 0.82 0.83 0.826 0.806 0.82 0.806 0.816 0.818 0.81 0.82 0.82 
====================grad_scale
0 0.118 0.092 0.092 0.092 0.092 0.092 0.092 0.092 0.092 0.092 0.104 0.102 0.102 0.096 0.116 0.176 0.182 0.188 0.22 0.332 0.39 0.398 0.38 0.394 0.468 0.476 0.498 0.484 0.522 0.546 0.552 0.588 0.608 0.608 0.62 0.63 0.636 0.638 0.656 0.67 0.67 0.674 0.672 0.682 0.674 0.684 0.702 0.708 0.712 0.7 0.706 0.702 0.702 0.722 0.708 0.712 0.732 0.736 0.73 0.752 0.738 0.748 0.762 0.76 0.754 0.762 0.782 0.78 0.78 0.772 0.788 0.782 0.8 0.802 0.8 0.792 0.794 0.8 0.8 0.798 0.804 0.802 0.806 0.79 0.812 0.808 0.8 0.804 0.802 0.816 0.808 0.794 0.81 0.814 0.808 0.808 0.814 0.824 0.8 0.8 0.806 0.798 0.81 0.814 0.808 0.814 0.816 0.824 0.812 0.818 0.816 0.81 0.796 0.82 0.818 0.838 0.824 0.818 0.818 0.824 
====================grad_scale
0 0.104 0.09 0.096 0.114 0.114 0.114 0.104 0.104 0.114 0.114 0.114 0.114 0.104 0.104 0.126 0.194 0.212 0.18 0.222 0.25 0.326 0.356 0.436 0.456 0.474 0.472 0.532 0.472 0.534 0.562 0.592 0.614 0.628 0.62 0.646 0.652 0.67 0.654 0.684 0.686 0.694 0.692 0.694 0.696 0.712 0.704 0.696 0.708 0.71 0.704 0.726 0.708 0.724 0.71 0.72 0.744 0.736 0.738 0.73 0.748 0.742 0.746 0.744 0.76 0.748 0.754 0.76 0.758 0.774 0.756 0.766 0.774 0.784 0.784 0.782 0.78 0.784 0.796 0.786 0.798 0.802 0.8 0.79 0.812 0.82 0.818 0.804 0.802 0.816 0.814 0.828 0.8 0.81 0.816 0.828 0.816 0.804 0.822 0.822 0.826 0.816 0.81 0.814 0.806 0.822 0.816 0.81 0.806 0.818 0.824 0.82 0.818 0.82 0.82 0.81 0.826 0.806 0.822 0.82 0.822 
====================grad_scale
0 0.1 0.1 0.1 0.1 0.1 0.1 0.1 0.1 0.086 0.086 0.086 0.086 0.1 0.1 0.088 0.172 0.174 0.244 0.304 0.284 0.352 0.308 0.454 0.454 0.406 0.5 0.476 0.556 0.54 0.562 0.6 0.628 0.65 0.612 0.664 0.632 0.686 0.658 0.704 0.692 0.702 0.716 0.704 0.708 0.692 0.702 0.722 0.724 0.734 0.738 0.726 0.718 0.722 0.738 0.748 0.74 0.752 0.756 0.758 0.766 0.744 0.758 0.758 0.762 0.772 0.774 0.78 0.786 0.77 0.768 0.778 0.778 0.774 0.788 0.794 0.794 0.796 0.79 0.794 0.796 0.794 0.796 0.8 0.794 0.792 0.806 0.802 0.802 0.78 0.808 0.802 0.794 0.796 0.81 0.804 0.786 0.804 0.8 0.804 0.8 0.806 0.81 0.81 0.81 0.814 0.812 0.808 0.808 0.814 0.796 0.796 0.796 0.794 0.806 0.818 0.822 0.82 0.82 0.824 0.822 
====================grad_scale
0 0.098 0.098 0.094 0.094 0.098 0.098 0.094 0.094 0.094 0.094 0.098 0.088 0.098 0.084 0.058 0.166 0.156 0.162 0.182 0.198 0.25 0.256 0.382 0.422 0.404 0.468 0.502 0.546 0.584 0.59 0.602 0.626 0.622 0.648 0.644 0.656 0.682 0.686 0.688 0.716 0.724 0.708 0.74 0.738 0.736 0.744 0.72 0.732 0.746 0.742 0.754 0.752 0.772 0.738 0.762 0.776 0.766 0.768 0.746 0.756 0.78 0.77 0.766 0.764 0.758 0.764 0.772 0.784 0.794 0.798 0.792 0.774 0.802 0.79 0.792 0.786 0.794 0.776 0.798 0.79 0.79 0.794 0.784 0.788 0.81 0.802 0.806 0.788 0.81 0.806 0.8 0.808 0.8 0.798 0.798 0.788 0.792 0.806 0.788 0.804 0.81 0.804 0.8 0.816 0.812 0.808 0.822 0.812 0.81 0.806 0.804 0.808 0.802 0.8 0.822 0.802 0.82 0.814 0.832 0.816 
====================grad_scale
0 0.084 0.084 0.12 0.12 0.12 0.12 0.12 0.12 0.12 0.084 0.084 0.084 0.084 0.084 0.084 0.142 0.158 0.176 0.184 0.258 0.302 0.328 0.408 0.414 0.41 0.486 0.542 0.56 0.608 0.606 0.624 0.648 0.646 0.634 0.662 0.672 0.682 0.68 0.708 0.722 0.728 0.726 0.718 0.732 0.708 0.722 0.73 0.734 0.742 0.75 0.75 0.734 0.734 0.764 0.768 0.746 0.762 0.772 0.768 0.77 0.768 0.776 0.768 0.772 0.766 0.774 0.782 0.78 0.782 0.796 0.798 0.802 0.786 0.796 0.8 0.792 0.804 0.798 0.796 0.804 0.802 0.792 0.82 0.804 0.81 0.804 0.82 0.818 0.806 0.81 0.816 0.802 0.816 0.83 0.836 0.828 0.82 0.832 0.83 0.832 0.828 0.838 0.846 0.842 0.85 0.822 0.832 0.826 0.844 0.85 0.852 0.844 0.836 0.838 0.83 0.846 0.844 0.834 0.83 0.844 
====================grad_scale
0 0.102 0.1 0.1 0.09 0.088 0.088 0.088 0.088 0.088 0.088 0.088 0.088 0.1 0.102 0.116 0.15 0.178 0.168 0.246 0.26 0.272 0.286 0.356 0.418 0.456 0.526 0.552 0.572 0.602 0.616 0.626 0.606 0.62 0.652 0.668 0.65 0.644 0.674 0.662 0.67 0.672 0.658 0.692 0.668 0.696 0.702 0.686 0.718 0.706 0.712 0.718 0.74 0.724 0.724 0.726 0.728 0.732 0.736 0.726 0.746 0.744 0.748 0.752 0.76 0.748 0.758 0.758 0.758 0.756 0.764 0.774 0.768 0.768 0.766 0.78 0.738 0.77 0.78 0.768 0.786 0.782 0.762 0.79 0.78 0.79 0.776 0.792 0.796 0.774 0.778 0.784 0.79 0.786 0.786 0.79 0.784 0.792 0.79 0.788 0.808 0.808 0.798 0.794 0.8 0.804 0.782 0.798 0.788 0.8 0.798 0.804 0.804 0.814 0.814 0.804 0.806 0.82 0.788 0.81 0.824 
====================grad_scale
0 0.132 0.082 0.082 0.082 0.082 0.082 0.082 0.082 0.082 0.082 0.082 0.082 0.082 0.082 0.082 0.082 0.082 0.082 0.082 0.082 0.082 0.082 0.082 0.082 0.082 0.082 0.082 0.082 0.142 0.128 0.136 0.138 0.182 0.152 0.326 0.238 0.312 0.254 0.406 0.482 0.476 0.508 0.51 0.522 0.52 0.582 0.594 0.596 0.62 0.628 0.632 0.646 0.666 0.672 0.668 0.658 0.706 0.68 0.7 0.698 0.694 0.686 0.726 0.718 0.728 0.706 0.72 0.728 0.716 0.732 0.72 0.73 0.748 0.73 0.73 0.746 0.736 0.764 0.746 0.76 0.758 0.764 0.762 0.756 0.762 0.772 0.764 0.77 0.774 0.78 0.784 0.798 0.79 0.8 0.792 0.784 0.79 0.784 0.792 0.784 0.796 0.806 0.794 0.806 0.808 0.796 0.798 0.792 0.796 0.812 0.794 0.804 0.804 0.806 0.818 0.83 0.836 0.808 0.806 0.808 
====================grad_scale
0 0.09 0.086 0.116 0.09 0.09 0.09 0.09 0.106 0.106 0.086 0.09 0.09 0.09 0.09 0.09 0.09 0.09 0.09 0.09 0.09 0.09 0.09 0.09 0.09 0.09 0.09 0.09 0.09 0.09 0.2 0.256 0.178 0.196 0.246 0.242 0.29 0.314 0.374 0.408 0.428 0.478 0.516 0.534 0.536 0.558 0.55 0.604 0.614 0.64 0.644 0.67 0.664 0.692 0.706 0.7 0.708 0.722 0.718 0.71 0.72 0.726 0.724 0.722 0.732 0.736 0.73 0.744 0.74 0.752 0.75 0.758 0.748 0.756 0.766 0.754 0.772 0.764 0.774 0.784 0.784 0.776 0.778 0.778 0.798 0.802 0.796 0.794 0.786 0.802 0.806 0.814 0.808 0.812 0.808 0.802 0.8 0.802 0.81 0.798 0.802 0.802 0.796 0.794 0.786 0.796 0.81 0.802 0.81 0.816 0.804 0.806 0.802 0.806 0.798 0.802 0.808 0.812 0.8 0.806 0.806 
====================grad_scale
0 0.09 0.114 0.094 0.094 0.094 0.114 0.114 0.114 0.114 0.094 0.094 0.094 0.114 0.114 0.094 0.114 0.114 0.114 0.114 0.09 0.114 0.114 0.114 0.094 0.114 0.09 0.09 0.09 0.168 0.164 0.21 0.214 0.234 0.296 0.266 0.314 0.33 0.376 0.43 0.432 0.448 0.484 0.532 0.55 0.544 0.552 0.556 0.586 0.6 0.586 0.648 0.66 0.638 0.656 0.696 0.692 0.702 0.71 0.722 0.728 0.712 0.73 0.722 0.738 0.742 0.746 0.738 0.746 0.728 0.734 0.726 0.762 0.752 0.752 0.728 0.752 0.752 0.746 0.746 0.766 0.766 0.774 0.77 0.764 0.776 0.758 0.78 0.784 0.778 0.774 0.776 0.778 0.776 0.768 0.776 0.802 0.798 0.79 0.79 0.784 0.8 0.796 0.804 0.796 0.79 0.796 0.818 0.808 0.794 0.802 0.808 0.806 0.81 0.812 0.806 0.784 0.806 0.812 0.816 0.804 
====================grad_scale
0 0.092 0.118 0.066 0.066 0.066 0.116 0.116 0.116 0.116 0.116 0.116 0.116 0.116 0.116 0.116 0.116 0.116 0.116 0.116 0.116 0.116 0.116 0.116 0.116 0.116 0.116 0.092 0.134 0.148 0.23 0.132 0.174 0.182 0.228 0.256 0.262 0.312 0.304 0.41 0.42 0.44 0.448 0.478 0.512 0.514 0.552 0.616 0.608 0.632 0.628 0.652 0.648 0.664 0.67 0.68 0.684 0.702 0.704 0.708 0.706 0.722 0.706 0.724 0.724 0.726 0.718 0.724 0.734 0.742 0.752 0.754 0.76 0.758 0.76 0.75 0.75 0.75 0.754 0.78 0.78 0.762 0.774 0.786 0.784 0.788 0.766 0.782 0.79 0.79 0.782 0.802 0.792 0.794 0.802 0.804 0.79 0.8 0.802 0.802 0.802 0.806 0.794 0.804 0.806 0.81 0.802 0.808 0.814 0.804 0.81 0.804 0.816 0.804 0.808 0.81 0.808 0.826 0.814 0.81 0.828 
====================grad_scale
0 0.08 0.072 0.104 0.104 0.104 0.104 0.104 0.104 0.08 0.08 0.104 0.104 0.104 0.104 0.104 0.104 0.104 0.072 0.08 0.08 0.08 0.08 0.08 0.072 0.072 0.072 0.072 0.104 0.156 0.172 0.166 0.212 0.236 0.258 0.284 0.356 0.308 0.37 0.464 0.498 0.492 0.466 0.558 0.556 0.572 0.616 0.618 0.63 0.638 0.608 0.676 0.662 0.626 0.704 0.656 0.694 0.704 0.71 0.706 0.702 0.732 0.724 0.726 0.72 0.724 0.722 0.758 0.746 0.736 0.748 0.754 0.752 0.766 0.772 0.742 0.75 0.77 0.774 0.772 0.762 0.78 0.77 0.776 0.776 0.774 0.78 0.778 0.776 0.772 0.778 0.792 0.796 0.788 0.792 0.79 0.784 0.782 0.794 0.796 0.78 0.804 0.794 0.786 0.806 0.81 0.806 0.792 0.798 0.81 0.814 0.794 0.8 0.802 0.8 0.802 0.828 0.818 0.804 0.79 0.818 
====================grad_scale
0 0.122 0.108 0.108 0.086 0.108 0.108 0.108 0.108 0.108 0.108 0.108 0.108 0.086 0.086 0.086 0.086 0.086 0.086 0.098 0.098 0.122 0.086 0.108 0.072 0.108 0.108 0.086 0.102 0.072 0.144 0.144 0.188 0.194 0.26 0.25 0.344 0.304 0.368 0.448 0.512 0.532 0.506 0.552 0.57 0.62 0.62 0.65 0.644 0.68 0.67 0.662 0.688 0.662 0.678 0.692 0.686 0.704 0.694 0.714 0.712 0.72 0.712 0.736 0.726 0.74 0.706 0.732 0.74 0.754 0.752 0.748 0.748 0.758 0.746 0.738 0.742 0.738 0.754 0.764 0.772 0.778 0.77 0.77 0.774 0.77 0.78 0.776 0.762 0.776 0.782 0.78 0.786 0.788 0.792 0.794 0.78 0.784 0.786 0.794 0.792 0.79 0.794 0.792 0.802 0.81 0.81 0.798 0.804 0.802 0.8 0.806 0.81 0.806 0.806 0.804 0.808 0.818 0.808 0.806 0.814 
====================grad_scale
0 0.094 0.094 0.094 0.094 0.094 0.122 0.122 0.122 0.122 0.122 0.094 0.094 0.094 0.094 0.122 0.122 0.094 0.094 0.094 0.122 0.094 0.094 0.094 0.094 0.094 0.094 0.094 0.094 0.094 0.172 0.172 0.184 0.186 0.226 0.24 0.268 0.276 0.32 0.392 0.42 0.444 0.448 0.524 0.548 0.528 0.534 0.622 0.638 0.658 0.604 0.684 0.714 0.684 0.686 0.724 0.714 0.704 0.718 0.708 0.712 0.706 0.734 0.716 0.734 0.74 0.708 0.722 0.744 0.704 0.744 0.718 0.746 0.732 0.732 0.72 0.712 0.73 0.716 0.738 0.746 0.754 0.758 0.744 0.76 0.772 0.726 0.754 0.772 0.762 0.746 0.768 0.76 0.762 0.756 0.768 0.784 0.784 0.774 0.774 0.776 0.79 0.782 0.782 0.774 0.778 0.786 0.796 0.8 0.79 0.812 0.798 0.798 0.8 0.798 0.8 0.804 0.788 0.792 0.794 0.806 
====================grad_scale
0 0.08 0.102 0.102 0.102 0.102 0.102 0.102 0.102 0.102 0.102 0.102 0.102 0.102 0.102 0.102 0.102 0.102 0.102 0.102 0.102 0.102 0.102 0.102 0.102 0.102 0.102 0.102 0.102 0.182 0.14 0.182 0.198 0.188 0.242 0.238 0.304 0.338 0.354 0.436 0.454 0.452 0.446 0.55 0.558 0.546 0.584 0.616 0.612 0.628 0.566 0.652 0.654 0.636 0.658 0.646 0.67 0.642 0.686 0.67 0.666 0.672 0.688 0.672 0.68 0.692 0.688 0.706 0.708 0.672 0.718 0.686 0.73 0.726 0.716 0.744 0.714 0.76 0.72 0.738 0.748 0.764 0.754 0.742 0.752 0.762 0.73 0.764 0.764 0.766 0.76 0.75 0.75 0.748 0.746 0.748 0.798 0.794 0.776 0.76 0.796 0.786 0.776 0.782 0.76 0.78 0.79 0.782 0.8 0.794 0.788 0.798 0.808 0.81 0.816 0.832 0.81 0.808 0.812 0.808 0.802 
====================grad_scale
0 0.104 0.096 0.096 0.096 0.096 0.096 0.096 0.096 0.096 0.096 0.096 0.096 0.096 0.096 0.096 0.096 0.096 0.096 0.096 0.096 0.096 0.096 0.096 0.096 0.096 0.146 0.174 0.096 0.198 0.214 0.198 0.208 0.218 0.286 0.278 0.296 0.32 0.39 0.448 0.46 0.516 0.528 0.536 0.538 0.546 0.582 0.61 0.608 0.648 0.636 0.65 0.658 0.658 0.674 0.656 0.666 0.688 0.712 0.692 0.696 0.72 0.722 0.708 0.734 0.712 0.718 0.722 0.726 0.728 0.73 0.738 0.742 0.73 0.744 0.742 0.728 0.736 0.75 0.768 0.752 0.752 0.762 0.766 0.768 0.768 0.768 0.77 0.77 0.778 0.768 0.79 0.782 0.782 0.778 0.772 0.788 0.778 0.782 0.78 0.784 0.786 0.788 0.8 0.79 0.808 0.804 0.802 0.806 0.8 0.804 0.808 0.812 0.818 0.814 0.81 0.812 0.82 0.806 0.812 0.812 
====================grad_scale
0 0.12 0.084 0.084 0.11 0.084 0.12 0.12 0.084 0.084 0.084 0.084 0.084 0.084 0.084 0.084 0.084 0.084 0.12 0.12 0.12 0.12 0.084 0.084 0.084 0.12 0.12 0.12 0.146 0.166 0.16 0.178 0.182 0.23 0.204 0.248 0.326 0.328 0.386 0.426 0.47 0.55 0.542 0.568 0.586 0.632 0.628 0.654 0.648 0.666 0.668 0.698 0.686 0.728 0.72 0.72 0.734 0.73 0.738 0.738 0.736 0.746 0.744 0.75 0.746 0.744 0.746 0.746 0.75 0.766 0.754 0.764 0.75 0.766 0.774 0.752 0.764 0.764 0.782 0.79 0.788 0.778 0.782 0.79 0.8 0.796 0.792 0.79 0.794 0.796 0.788 0.808 0.808 0.81 0.81 0.818 0.802 0.81 0.806 0.816 0.818 0.806 0.814 0.82 0.82 0.81 0.808 0.824 0.824 0.818 0.824 0.82 0.824 0.83 0.828 0.832 0.82 0.814 0.828 0.834 0.84 
====================grad_scale
0 0.114 0.114 0.114 0.096 0.114 0.114 0.096 0.096 0.114 0.096 0.096 0.114 0.096 0.096 0.096 0.16 0.264 0.206 0.288 0.346 0.4 0.528 0.528 0.552 0.594 0.606 0.626 0.634 0.648 0.658 0.666 0.69 0.682 0.682 0.72 0.722 0.742 0.732 0.75 0.746 0.756 0.758 0.754 0.754 0.768 0.764 0.768 0.78 0.782 0.778 0.788 0.784 0.796 0.796 0.792 0.796 0.8 0.804 0.8 0.806 0.802 0.81 0.816 0.812 0.806 0.796 0.8 0.804 0.81 0.808 0.81 0.81 0.81 0.806 0.812 0.816 0.818 0.814 0.816 0.818 0.822 0.82 0.816 0.82 0.818 0.814 0.82 0.808 0.816 0.824 0.82 0.816 0.822 0.83 0.83 0.848 0.832 0.802 0.828 0.834 0.83 0.83 0.842 0.836 0.826 0.838 0.832 0.836 0.832 0.824 0.826 0.824 0.836 0.832 0.844 0.834 0.834 0.842 0.85 0.854 
====================grad_scale
0 0.12 0.1 0.12 0.1 0.1 0.12 0.12 0.1 0.1 0.098 0.1 0.1 0.12 0.048 0.1 0.116 0.12 0.188 0.332 0.338 0.41 0.462 0.522 0.552 0.606 0.628 0.616 0.63 0.646 0.658 0.64 0.682 0.67 0.67 0.706 0.708 0.726 0.718 0.722 0.73 0.736 0.718 0.734 0.714 0.746 0.752 0.742 0.744 0.738 0.738 0.738 0.752 0.75 0.752 0.77 0.75 0.788 0.76 0.778 0.788 0.77 0.796 0.778 0.784 0.764 0.79 0.76 0.792 0.78 0.786 0.8 0.802 0.79 0.782 0.802 0.816 0.802 0.794 0.812 0.798 0.798 0.8 0.816 0.806 0.798 0.806 0.79 0.81 0.818 0.782 0.79 0.826 0.814 0.814 0.794 0.812 0.816 0.824 0.816 0.822 0.82 0.824 0.806 0.818 0.824 0.818 0.82 0.82 0.804 0.824 0.812 0.78 0.834 0.828 0.826 0.822 0.814 0.824 0.824 0.83 
====================grad_scale
0 0.118 0.118 0.118 0.118 0.118 0.118 0.118 0.118 0.118 0.118 0.118 0.118 0.118 0.118 0.118 0.118 0.172 0.218 0.302 0.332 0.37 0.48 0.488 0.488 0.514 0.496 0.54 0.546 0.59 0.608 0.616 0.636 0.656 0.664 0.69 0.702 0.7 0.708 0.716 0.718 0.72 0.726 0.726 0.73 0.734 0.746 0.748 0.75 0.764 0.768 0.756 0.77 0.764 0.78 0.77 0.766 0.786 0.78 0.772 0.784 0.772 0.774 0.78 0.776 0.792 0.79 0.778 0.784 0.79 0.784 0.784 0.79 0.774 0.782 0.786 0.776 0.784 0.778 0.79 0.786 0.79 0.792 0.794 0.786 0.79 0.8 0.79 0.798 0.79 0.762 0.76 0.78 0.79 0.786 0.788 0.788 0.8 0.796 0.782 0.784 0.788 0.79 0.782 0.788 0.802 0.79 0.786 0.784 0.782 0.802 0.812 0.806 0.794 0.786 0.786 0.79 0.806 0.788 0.778 0.79 
====================grad_scale
0 0.094 0.126 0.126 0.126 0.126 0.126 0.088 0.092 0.092 0.088 0.092 0.104 0.104 0.104 0.092 0.104 0.204 0.208 0.226 0.326 0.376 0.462 0.51 0.516 0.532 0.544 0.562 0.608 0.616 0.64 0.696 0.646 0.71 0.738 0.736 0.742 0.73 0.742 0.756 0.748 0.76 0.764 0.75 0.782 0.762 0.77 0.768 0.776 0.774 0.776 0.762 0.784 0.786 0.794 0.786 0.796 0.788 0.798 0.79 0.782 0.796 0.786 0.8 0.798 0.796 0.794 0.804 0.786 0.8 0.8 0.792 0.786 0.796 0.802 0.794 0.792 0.792 0.8 0.798 0.794 0.794 0.796 0.804 0.796 0.8 0.804 0.812 0.798 0.798 0.792 0.798 0.8 0.802 0.804 0.81 0.816 0.812 0.804 0.806 0.808 0.806 0.81 0.818 0.81 0.822 0.822 0.814 0.808 0.822 0.824 0.824 0.82 0.82 0.814 0.816 0.82 0.818 0.812 0.814 0.818 
====================grad_scale
0 0.08 0.104 0.104 0.104 0.104 0.1 0.104 0.104 0.1 0.1 0.1 0.1 0.104 0.1 0.104 0.104 0.148 0.19 0.292 0.31 0.448 0.48 0.506 0.522 0.554 0.564 0.552 0.572 0.596 0.622 0.612 0.65 0.654 0.652 0.668 0.682 0.688 0.696 0.696 0.708 0.706 0.71 0.71 0.704 0.718 0.694 0.722 0.72 0.72 0.734 0.734 0.74 0.738 0.73 0.748 0.746 0.736 0.752 0.766 0.754 0.756 0.77 0.76 0.758 0.728 0.748 0.76 0.76 0.758 0.76 0.766 0.764 0.762 0.772 0.774 0.776 0.784 0.782 0.792 0.774 0.778 0.77 0.79 0.782 0.782 0.782 0.778 0.788 0.802 0.788 0.79 0.806 0.798 0.8 0.798 0.796 0.796 0.798 0.804 0.802 0.804 0.8 0.802 0.804 0.79 0.804 0.804 0.814 0.806 0.786 0.798 0.786 0.81 0.808 0.808 0.81 0.8 0.818 0.824 0.812 
====================grad_scale
0 0.122 0.122 0.122 0.122 0.122 0.122 0.122 0.122 0.122 0.122 0.122 0.122 0.122 0.122 0.122 0.128 0.154 0.3 0.344 0.372 0.372 0.456 0.504 0.498 0.548 0.516 0.564 0.594 0.63 0.646 0.666 0.614 0.682 0.676 0.694 0.694 0.678 0.698 0.698 0.712 0.712 0.704 0.702 0.736 0.726 0.73 0.732 0.738 0.748 0.754 0.736 0.746 0.76 0.764 0.764 0.764 0.768 0.768 0.762 0.766 0.782 0.772 0.774 0.786 0.782 0.774 0.802 0.774 0.778 0.806 0.798 0.78 0.796 0.81 0.786 0.782 0.804 0.8 0.784 0.802 0.808 0.814 0.808 0.798 0.802 0.804 0.804 0.808 0.788 0.796 0.802 0.784 0.792 0.792 0.806 0.804 0.8 0.808 0.816 0.798 0.8 0.816 0.814 0.814 0.818 0.814 0.822 0.816 0.826 0.818 0.832 0.842 0.81 0.822 0.81 0.836 0.818 0.83 0.816 0.812 
====================grad_scale
0 0.09 0.132 0.09 0.132 0.132 0.09 0.132 0.132 0.09 0.132 0.132 0.132 0.132 0.132 0.132 0.132 0.204 0.212 0.24 0.34 0.332 0.382 0.484 0.502 0.524 0.554 0.582 0.572 0.618 0.622 0.646 0.644 0.642 0.68 0.678 0.696 0.69 0.704 0.72 0.716 0.714 0.72 0.728 0.748 0.73 0.74 0.746 0.762 0.766 0.766 0.77 0.77 0.78 0.788 0.778 0.794 0.782 0.786 0.786 0.8 0.794 0.798 0.804 0.796 0.782 0.792 0.806 0.792 0.792 0.812 0.81 0.802 0.818 0.818 0.816 0.808 0.81 0.82 0.81 0.818 0.822 0.818 0.816 0.83 0.828 0.822 0.826 0.812 0.808 0.812 0.814 0.81 0.804 0.814 0.824 0.83 0.826 0.808 0.814 0.812 0.82 0.824 0.83 0.818 0.818 0.822 0.828 0.828 0.824 0.818 0.814 0.82 0.824 0.826 0.826 0.828 0.82 0.832 0.814 0.826 
====================grad_scale
0 0.086 0.086 0.086 0.086 0.086 0.086 0.086 0.086 0.086 0.086 0.086 0.086 0.086 0.086 0.086 0.086 0.086 0.16 0.174 0.328 0.386 0.448 0.498 0.516 0.526 0.522 0.524 0.542 0.58 0.608 0.62 0.642 0.7 0.7 0.712 0.71 0.69 0.696 0.692 0.708 0.71 0.722 0.708 0.748 0.73 0.744 0.736 0.74 0.748 0.746 0.736 0.75 0.748 0.76 0.764 0.764 0.76 0.76 0.756 0.766 0.774 0.772 0.774 0.778 0.792 0.776 0.796 0.774 0.786 0.792 0.788 0.774 0.79 0.788 0.788 0.784 0.788 0.796 0.782 0.796 0.798 0.806 0.8 0.794 0.798 0.802 0.804 0.796 0.792 0.796 0.804 0.778 0.794 0.8 0.802 0.802 0.804 0.798 0.808 0.808 0.806 0.812 0.806 0.806 0.804 0.806 0.806 0.804 0.802 0.804 0.808 0.816 0.806 0.808 0.812 0.812 0.814 0.804 0.802 0.814 
====================grad_scale
0 0.122 0.122 0.122 0.122 0.122 0.122 0.122 0.124 0.124 0.122 0.124 0.124 0.124 0.122 0.124 0.146 0.172 0.208 0.282 0.316 0.38 0.428 0.504 0.522 0.512 0.546 0.544 0.61 0.618 0.636 0.638 0.666 0.702 0.696 0.712 0.714 0.73 0.74 0.738 0.75 0.754 0.756 0.762 0.76 0.768 0.776 0.772 0.776 0.78 0.77 0.756 0.78 0.782 0.792 0.778 0.776 0.804 0.784 0.786 0.79 0.782 0.788 0.8 0.794 0.808 0.802 0.798 0.804 0.812 0.814 0.81 0.792 0.81 0.812 0.806 0.81 0.8 0.798 0.814 0.802 0.806 0.814 0.824 0.816 0.804 0.82 0.808 0.832 0.822 0.8 0.802 0.804 0.816 0.802 0.806 0.8 0.836 0.826 0.812 0.81 0.812 0.81 0.818 0.81 0.83 0.81 0.808 0.8 0.81 0.824 0.836 0.818 0.806 0.812 0.812 0.81 0.82 0.808 0.808 0.81 
====================grad_scale
0 0.1 0.1 0.1 0.1 0.1 0.1 0.1 0.1 0.1 0.1 0.1 0.1 0.1 0.1 0.1 0.1 0.102 0.236 0.23 0.316 0.332 0.444 0.472 0.476 0.5 0.532 0.63 0.608 0.67 0.674 0.688 0.688 0.676 0.698 0.69 0.71 0.704 0.706 0.718 0.716 0.724 0.724 0.72 0.74 0.718 0.724 0.72 0.74 0.742 0.746 0.764 0.758 0.768 0.77 0.756 0.778 0.764 0.774 0.774 0.78 0.788 0.792 0.798 0.786 0.794 0.79 0.8 0.784 0.794 0.796 0.8 0.79 0.804 0.802 0.8 0.796 0.804 0.806 0.794 0.806 0.808 0.81 0.806 0.812 0.812 0.806 0.818 0.806 0.802 0.808 0.808 0.81 0.806 0.818 0.812 0.814 0.822 0.812 0.82 0.816 0.82 0.822 0.836 0.824 0.824 0.83 0.824 0.82 0.824 0.82 0.826 0.842 0.824 0.818 0.83 0.832 0.83 0.826 0.828 0.832 
====================label_inverse
0 0.122 0.122 0.104 0.104 0.104 0.104 0.104 0.104 0.104 0.104 0.104 0.104 0.104 0.222 0.222 0.226 0.31 0.302 0.334 0.42 0.458 0.474 0.514 0.49 0.582 0.546 0.658 0.664 0.664 0.686 0.696 0.684 0.706 0.728 0.694 0.716 0.726 0.72 0.732 0.73 0.734 0.734 0.736 0.718 0.76 0.778 0.78 0.79 0.774 0.788 0.792 0.776 0.782 0.786 0.798 0.786 0.79 0.792 0.808 0.806 0.792 0.802 0.812 0.82 0.814 0.822 0.814 0.818 0.818 0.82 0.812 0.822 0.814 0.82 0.814 0.814 0.814 0.812 0.812 0.82 0.824 0.824 0.836 0.828 0.824 0.834 0.836 0.834 0.822 0.826 0.828 0.826 0.836 0.834 0.836 0.83 0.832 0.824 0.822 0.822 0.834 0.832 0.83 0.838 0.84 0.83 0.834 0.836 0.838 0.838 0.828 0.836 0.836 0.846 0.834 0.85 0.846 0.854 0.844 0.858 
====================label_inverse
0 0.106 0.106 0.096 0.106 0.106 0.106 0.096 0.096 0.096 0.096 0.096 0.096 0.096 0.096 0.106 0.106 0.106 0.106 0.106 0.126 0.146 0.106 0.106 0.106 0.106 0.106 0.106 0.106 0.174 0.194 0.1 0.096 0.096 0.096 0.096 0.096 0.096 0.096 0.096 0.096 0.096 0.096 0.096 0.096 0.096 0.096 0.096 0.096 0.096 0.096 0.096 0.096 0.096 0.096 0.096 0.096 0.096 0.096 0.096 0.096 0.096 0.096 0.096 0.096 0.096 0.096 0.096 0.096 0.096 0.096 0.096 0.096 0.096 0.096 0.096 0.096 0.096 0.096 0.096 0.096 0.096 0.096 0.096 0.096 0.096 0.096 0.096 0.096 0.096 0.096 0.096 0.096 0.096 0.096 0.096 0.096 0.096 0.096 0.096 0.096 0.096 0.096 0.096 0.096 0.096 0.096 0.096 0.096 0.096 0.096 0.096 0.096 0.096 0.096 0.096 0.096 0.096 0.096 0.096 0.096 
====================label_inverse
0 0.098 0.092 0.092 0.098 0.098 0.098 0.098 0.098 0.098 0.098 0.098 0.098 0.098 0.178 0.178 0.222 0.282 0.306 0.382 0.35 0.41 0.424 0.488 0.482 0.56 0.528 0.622 0.614 0.63 0.648 0.664 0.676 0.668 0.682 0.68 0.696 0.704 0.72 0.72 0.74 0.746 0.76 0.726 0.732 0.752 0.75 0.762 0.756 0.76 0.776 0.774 0.774 0.788 0.786 0.774 0.774 0.79 0.782 0.784 0.782 0.786 0.802 0.796 0.786 0.794 0.788 0.788 0.8 0.792 0.792 0.808 0.8 0.792 0.796 0.806 0.802 0.794 0.79 0.788 0.808 0.808 0.79 0.804 0.802 0.794 0.796 0.802 0.818 0.808 0.812 0.82 0.81 0.81 0.812 0.804 0.812 0.806 0.794 0.814 0.806 0.824 0.822 0.814 0.812 0.818 0.816 0.816 0.812 0.834 0.822 0.822 0.826 0.824 0.83 0.81 0.816 0.82 0.834 0.828 0.828 
====================label_inverse
0 0.098 0.116 0.116 0.098 0.084 0.084 0.084 0.084 0.098 0.098 0.098 0.084 0.162 0.132 0.18 0.192 0.232 0.28 0.32 0.402 0.478 0.47 0.484 0.51 0.57 0.602 0.638 0.672 0.672 0.69 0.686 0.702 0.718 0.736 0.738 0.752 0.756 0.744 0.774 0.788 0.762 0.772 0.786 0.74 0.778 0.782 0.784 0.792 0.784 0.8 0.778 0.778 0.782 0.78 0.798 0.812 0.814 0.816 0.816 0.822 0.828 0.82 0.836 0.804 0.818 0.818 0.808 0.814 0.82 0.828 0.828 0.822 0.816 0.82 0.826 0.84 0.826 0.83 0.834 0.84 0.83 0.826 0.83 0.828 0.822 0.816 0.824 0.822 0.814 0.832 0.834 0.834 0.834 0.828 0.82 0.844 0.82 0.822 0.818 0.826 0.836 0.836 0.834 0.84 0.84 0.85 0.836 0.834 0.834 0.826 0.844 0.842 0.846 0.846 0.832 0.846 0.834 0.838 0.822 0.842 
====================label_inverse
0 0.114 0.114 0.13 0.13 0.13 0.13 0.13 0.104 0.09 0.09 0.09 0.114 0.098 0.078 0.074 0.22 0.252 0.28 0.368 0.408 0.48 0.49 0.478 0.486 0.546 0.6 0.634 0.652 0.658 0.676 0.682 0.692 0.7 0.706 0.714 0.712 0.722 0.732 0.74 0.73 0.742 0.75 0.752 0.76 0.75 0.768 0.764 0.764 0.762 0.776 0.774 0.762 0.776 0.784 0.786 0.784 0.786 0.784 0.798 0.788 0.784 0.786 0.798 0.802 0.802 0.798 0.812 0.814 0.81 0.814 0.802 0.824 0.812 0.808 0.818 0.822 0.812 0.804 0.806 0.81 0.814 0.814 0.812 0.818 0.814 0.818 0.834 0.836 0.84 0.838 0.838 0.834 0.836 0.836 0.832 0.844 0.844 0.84 0.832 0.852 0.838 0.838 0.852 0.85 0.844 0.848 0.856 0.854 0.852 0.848 0.852 0.858 0.856 0.862 0.832 0.84 0.848 0.864 0.866 0.858 
====================label_inverse
0 0.09 0.09 0.096 0.096 0.096 0.09 0.09 0.09 0.096 0.096 0.096 0.096 0.096 0.1 0.096 0.172 0.18 0.304 0.354 0.346 0.438 0.444 0.516 0.506 0.542 0.618 0.61 0.622 0.636 0.66 0.668 0.684 0.674 0.696 0.734 0.726 0.722 0.736 0.744 0.738 0.736 0.734 0.736 0.752 0.77 0.762 0.776 0.768 0.768 0.778 0.766 0.774 0.778 0.78 0.782 0.796 0.794 0.794 0.792 0.794 0.782 0.786 0.798 0.806 0.806 0.802 0.812 0.802 0.796 0.8 0.79 0.804 0.808 0.806 0.812 0.806 0.816 0.814 0.81 0.818 0.816 0.804 0.816 0.812 0.826 0.808 0.808 0.82 0.826 0.822 0.82 0.828 0.832 0.828 0.826 0.818 0.802 0.816 0.81 0.816 0.838 0.82 0.818 0.822 0.83 0.83 0.828 0.834 0.838 0.83 0.826 0.834 0.826 0.832 0.818 0.82 0.814 0.826 0.828 0.834 
====================label_inverse
0 0.108 0.108 0.108 0.114 0.114 0.114 0.114 0.114 0.108 0.108 0.108 0.108 0.108 0.196 0.202 0.23 0.26 0.328 0.374 0.35 0.428 0.438 0.472 0.472 0.512 0.578 0.59 0.612 0.608 0.642 0.658 0.67 0.68 0.704 0.718 0.712 0.712 0.718 0.716 0.718 0.736 0.728 0.754 0.754 0.76 0.762 0.762 0.756 0.758 0.78 0.768 0.774 0.788 0.772 0.778 0.796 0.804 0.806 0.812 0.818 0.798 0.806 0.816 0.814 0.818 0.81 0.816 0.816 0.822 0.824 0.816 0.822 0.82 0.818 0.822 0.822 0.822 0.82 0.816 0.826 0.814 0.814 0.824 0.824 0.82 0.822 0.824 0.832 0.828 0.828 0.824 0.83 0.832 0.836 0.836 0.838 0.824 0.822 0.83 0.826 0.832 0.822 0.836 0.832 0.822 0.828 0.836 0.826 0.828 0.834 0.83 0.842 0.836 0.834 0.806 0.812 0.83 0.832 0.836 0.832 
====================label_inverse
0 0.088 0.094 0.094 0.094 0.094 0.094 0.094 0.098 0.098 0.098 0.098 0.092 0.092 0.092 0.122 0.198 0.25 0.282 0.312 0.38 0.376 0.45 0.476 0.512 0.57 0.562 0.606 0.65 0.672 0.706 0.712 0.716 0.704 0.728 0.746 0.754 0.748 0.764 0.764 0.754 0.756 0.762 0.756 0.724 0.774 0.766 0.78 0.78 0.774 0.774 0.782 0.778 0.78 0.78 0.79 0.768 0.78 0.774 0.782 0.77 0.766 0.778 0.782 0.79 0.782 0.786 0.784 0.786 0.772 0.782 0.788 0.786 0.794 0.802 0.794 0.786 0.79 0.798 0.782 0.792 0.794 0.79 0.804 0.804 0.814 0.804 0.794 0.81 0.798 0.794 0.804 0.814 0.808 0.808 0.818 0.812 0.796 0.808 0.796 0.8 0.822 0.81 0.808 0.82 0.824 0.818 0.812 0.81 0.83 0.83 0.82 0.824 0.82 0.824 0.798 0.826 0.826 0.83 0.826 0.842 
====================label_inverse
0 0.114 0.114 0.114 0.114 0.114 0.09 0.09 0.09 0.114 0.114 0.114 0.114 0.114 0.114 0.104 0.09 0.09 0.09 0.09 0.114 0.114 0.114 0.114 0.114 0.114 0.114 0.114 0.114 0.114 0.114 0.114 0.114 0.114 0.114 0.114 0.114 0.114 0.114 0.114 0.114 0.114 0.114 0.114 0.114 0.114 0.114 0.114 0.114 0.114 0.114 0.114 0.114 0.114 0.114 0.114 0.114 0.114 0.114 0.114 0.114 0.114 0.114 0.114 0.114 0.114 0.114 0.114 0.114 0.114 0.114 0.114 0.114 0.114 0.114 0.114 0.114 0.114 0.114 0.114 0.114 0.114 0.114 0.114 0.114 0.114 0.114 0.114 0.114 0.114 0.114 0.114 0.114 0.114 0.114 0.114 0.114 0.114 0.114 0.114 0.114 0.114 0.114 0.114 0.114 0.114 0.114 0.114 0.114 0.114 0.114 0.114 0.114 0.114 0.114 0.114 0.114 0.114 0.114 0.114 0.114 
====================label_inverse
0 0.104 0.104 0.104 0.104 0.104 0.104 0.104 0.104 0.104 0.104 0.104 0.104 0.104 0.104 0.104 0.172 0.174 0.182 0.314 0.368 0.398 0.436 0.454 0.462 0.516 0.526 0.574 0.6 0.614 0.656 0.642 0.666 0.658 0.69 0.722 0.724 0.714 0.71 0.732 0.75 0.74 0.74 0.754 0.746 0.756 0.772 0.776 0.778 0.768 0.778 0.784 0.79 0.782 0.776 0.798 0.796 0.802 0.808 0.798 0.808 0.798 0.798 0.804 0.81 0.82 0.822 0.83 0.818 0.824 0.818 0.808 0.826 0.81 0.82 0.81 0.808 0.808 0.804 0.82 0.808 0.812 0.804 0.822 0.832 0.824 0.822 0.832 0.836 0.836 0.838 0.826 0.83 0.842 0.832 0.832 0.83 0.824 0.826 0.828 0.84 0.842 0.836 0.842 0.842 0.838 0.84 0.842 0.836 0.842 0.844 0.842 0.84 0.84 0.834 0.828 0.834 0.828 0.84 0.84 0.84 
====================label_inverse
0 0.102 0.104 0.104 0.104 0.098 0.098 0.104 0.098 0.098 0.098 0.098 0.104 0.104 0.104 0.108 0.108 0.098 0.098 0.098 0.098 0.098 0.098 0.108 0.104 0.104 0.104 0.108 0.164 0.086 0.086 0.218 0.204 0.244 0.406 0.33 0.36 0.446 0.454 0.4 0.48 0.414 0.474 0.556 0.6 0.624 0.65 0.634 0.698 0.682 0.702 0.712 0.72 0.726 0.734 0.74 0.736 0.742 0.744 0.752 0.754 0.762 0.768 0.774 0.774 0.77 0.77 0.774 0.778 0.776 0.782 0.79 0.786 0.792 0.79 0.802 0.782 0.774 0.78 0.788 0.79 0.78 0.792 0.806 0.812 0.796 0.806 0.806 0.822 0.808 0.786 0.808 0.812 0.824 0.8 0.814 0.83 0.812 0.798 0.818 0.808 0.812 0.816 0.82 0.844 0.828 0.808 0.818 0.832 0.844 0.828 0.848 0.83 0.82 0.846 0.812 0.842 0.838 0.842 0.83 0.82 
====================label_inverse
0 0.114 0.114 0.1 0.1 0.1 0.1 0.1 0.1 0.1 0.1 0.1 0.1 0.1 0.1 0.1 0.1 0.1 0.1 0.1 0.1 0.1 0.1 0.13 0.13 0.108 0.072 0.13 0.13 0.13 0.196 0.172 0.172 0.178 0.284 0.35 0.376 0.424 0.454 0.488 0.45 0.462 0.454 0.566 0.582 0.612 0.634 0.634 0.676 0.698 0.706 0.728 0.74 0.736 0.752 0.758 0.754 0.776 0.758 0.776 0.776 0.768 0.78 0.78 0.79 0.782 0.786 0.778 0.794 0.786 0.804 0.794 0.802 0.794 0.8 0.794 0.794 0.792 0.796 0.804 0.798 0.788 0.798 0.808 0.81 0.796 0.804 0.796 0.81 0.802 0.796 0.804 0.816 0.816 0.812 0.82 0.816 0.812 0.812 0.816 0.82 0.822 0.83 0.824 0.826 0.834 0.828 0.822 0.83 0.84 0.84 0.836 0.84 0.826 0.824 0.828 0.838 0.826 0.838 0.844 0.84 
====================label_inverse
0 0.098 0.098 0.098 0.098 0.098 0.098 0.098 0.098 0.098 0.098 0.098 0.098 0.098 0.098 0.098 0.098 0.098 0.098 0.098 0.098 0.098 0.098 0.098 0.098 0.098 0.098 0.098 0.098 0.098 0.098 0.098 0.114 0.098 0.168 0.098 0.182 0.092 0.092 0.092 0.092 0.092 0.092 0.096 0.104 0.108 0.092 0.092 0.092 0.092 0.092 0.092 0.092 0.092 0.092 0.092 0.092 0.092 0.092 0.092 0.092 0.092 0.092 0.092 0.092 0.092 0.092 0.092 0.092 0.092 0.092 0.092 0.092 0.092 0.092 0.092 0.092 0.092 0.092 0.092 0.092 0.092 0.092 0.092 0.092 0.104 0.092 0.092 0.092 0.094 0.1 0.092 0.112 0.104 0.126 0.1 0.148 0.114 0.092 0.152 0.16 0.16 0.092 0.092 0.092 0.092 0.092 0.092 0.092 0.096 0.092 0.092 0.092 0.092 0.092 0.092 0.092 0.092 0.092 0.092 0.092 
====================label_inverse
0 0.096 0.114 0.114 0.104 0.104 0.114 0.114 0.114 0.114 0.104 0.104 0.114 0.114 0.114 0.114 0.096 0.096 0.114 0.114 0.114 0.114 0.114 0.114 0.114 0.114 0.114 0.096 0.096 0.106 0.096 0.224 0.286 0.274 0.328 0.368 0.432 0.43 0.472 0.458 0.502 0.496 0.504 0.56 0.588 0.63 0.632 0.642 0.72 0.722 0.726 0.738 0.742 0.732 0.746 0.744 0.75 0.772 0.744 0.758 0.766 0.76 0.764 0.758 0.77 0.77 0.766 0.76 0.77 0.762 0.776 0.776 0.782 0.78 0.784 0.792 0.792 0.79 0.784 0.798 0.78 0.782 0.804 0.808 0.798 0.808 0.824 0.814 0.808 0.816 0.802 0.814 0.806 0.812 0.82 0.824 0.81 0.818 0.818 0.834 0.828 0.836 0.824 0.832 0.826 0.828 0.828 0.832 0.838 0.834 0.838 0.842 0.846 0.84 0.832 0.838 0.842 0.83 0.838 0.838 0.844 
====================label_inverse
0 0.118 0.098 0.118 0.118 0.118 0.104 0.104 0.104 0.092 0.092 0.092 0.092 0.092 0.092 0.092 0.092 0.092 0.092 0.092 0.092 0.098 0.092 0.092 0.092 0.118 0.118 0.118 0.2 0.104 0.106 0.292 0.202 0.242 0.29 0.328 0.38 0.388 0.39 0.39 0.414 0.458 0.42 0.494 0.502 0.516 0.548 0.594 0.574 0.646 0.664 0.694 0.666 0.696 0.702 0.712 0.698 0.714 0.712 0.72 0.72 0.73 0.748 0.724 0.734 0.73 0.718 0.72 0.726 0.734 0.756 0.756 0.764 0.772 0.758 0.764 0.764 0.782 0.776 0.776 0.766 0.778 0.788 0.784 0.774 0.784 0.802 0.802 0.78 0.778 0.784 0.794 0.79 0.79 0.796 0.8 0.792 0.796 0.806 0.802 0.808 0.812 0.784 0.79 0.806 0.804 0.81 0.822 0.796 0.828 0.816 0.822 0.814 0.826 0.826 0.816 0.838 0.824 0.826 0.828 0.83 
====================label_inverse
0 0.116 0.09 0.106 0.106 0.106 0.106 0.09 0.09 0.106 0.086 0.09 0.086 0.086 0.086 0.086 0.086 0.086 0.086 0.09 0.09 0.108 0.09 0.086 0.086 0.086 0.086 0.086 0.086 0.116 0.134 0.18 0.222 0.304 0.308 0.336 0.362 0.4 0.404 0.414 0.4 0.436 0.516 0.518 0.56 0.566 0.6 0.634 0.652 0.678 0.7 0.718 0.72 0.71 0.726 0.748 0.746 0.722 0.738 0.734 0.752 0.748 0.752 0.752 0.77 0.75 0.77 0.756 0.744 0.774 0.768 0.766 0.78 0.776 0.774 0.774 0.772 0.782 0.778 0.796 0.786 0.78 0.786 0.792 0.786 0.796 0.79 0.798 0.79 0.786 0.792 0.792 0.806 0.8 0.808 0.808 0.806 0.804 0.798 0.816 0.81 0.818 0.828 0.824 0.818 0.822 0.82 0.814 0.828 0.828 0.828 0.826 0.828 0.818 0.822 0.822 0.824 0.812 0.834 0.83 0.828 
====================label_inverse
0 0.114 0.114 0.114 0.114 0.114 0.114 0.114 0.114 0.114 0.114 0.114 0.114 0.114 0.114 0.114 0.114 0.114 0.114 0.114 0.114 0.114 0.114 0.114 0.114 0.114 0.114 0.114 0.114 0.114 0.114 0.114 0.114 0.114 0.114 0.114 0.114 0.114 0.114 0.114 0.114 0.114 0.114 0.114 0.114 0.114 0.114 0.114 0.114 0.114 0.114 0.114 0.114 0.114 0.114 0.114 0.114 0.114 0.114 0.114 0.114 0.114 0.114 0.114 0.114 0.114 0.114 0.114 0.114 0.114 0.114 0.114 0.114 0.114 0.114 0.114 0.114 0.114 0.114 0.114 0.114 0.114 0.114 0.114 0.114 0.114 0.114 0.114 0.114 0.114 0.114 0.114 0.114 0.114 0.114 0.114 0.114 0.114 0.114 0.114 0.114 0.114 0.114 0.114 0.114 0.114 0.114 0.114 0.114 0.114 0.114 0.114 0.114 0.114 0.114 0.114 0.114 0.114 0.114 0.114 0.114 
====================label_inverse
0 0.09 0.09 0.09 0.09 0.09 0.09 0.09 0.09 0.09 0.09 0.09 0.09 0.09 0.09 0.09 0.09 0.09 0.09 0.09 0.09 0.09 0.09 0.09 0.09 0.09 0.09 0.09 0.09 0.09 0.09 0.09 0.09 0.09 0.09 0.09 0.09 0.09 0.09 0.124 0.09 0.124 0.09 0.09 0.09 0.09 0.09 0.17 0.124 0.16 0.176 0.186 0.206 0.152 0.208 0.15 0.124 0.124 0.124 0.124 0.124 0.124 0.124 0.124 0.124 0.124 0.124 0.124 0.124 0.124 0.124 0.124 0.124 0.124 0.124 0.124 0.124 0.124 0.124 0.124 0.124 0.124 0.124 0.124 0.124 0.124 0.124 0.124 0.124 0.124 0.124 0.124 0.124 0.124 0.124 0.124 0.124 0.124 0.124 0.124 0.124 0.124 0.124 0.124 0.124 0.124 0.124 0.124 0.124 0.124 0.124 0.124 0.124 0.124 0.124 0.124 0.124 0.124 0.124 0.124 0.124 
====================label_inverse
0 0.106 0.106 0.106 0.106 0.106 0.106 0.106 0.106 0.106 0.106 0.106 0.106 0.106 0.106 0.106 0.106 0.106 0.106 0.106 0.106 0.106 0.106 0.106 0.106 0.106 0.106 0.106 0.106 0.106 0.106 0.106 0.106 0.09 0.106 0.106 0.106 0.106 0.106 0.106 0.106 0.098 0.106 0.098 0.106 0.132 0.098 0.098 0.098 0.106 0.106 0.106 0.106 0.106 0.106 0.106 0.106 0.106 0.106 0.106 0.106 0.106 0.106 0.106 0.106 0.128 0.15 0.126 0.142 0.116 0.108 0.106 0.126 0.106 0.106 0.132 0.156 0.106 0.116 0.142 0.138 0.148 0.106 0.14 0.116 0.106 0.116 0.114 0.108 0.108 0.106 0.106 0.106 0.106 0.106 0.106 0.106 0.106 0.106 0.106 0.106 0.106 0.106 0.106 0.106 0.106 0.106 0.106 0.106 0.106 0.106 0.106 0.106 0.106 0.106 0.106 0.106 0.106 0.106 0.106 0.106 
====================label_inverse
0 0.11 0.088 0.094 0.106 0.106 0.106 0.12 0.12 0.12 0.106 0.106 0.106 0.106 0.106 0.106 0.106 0.106 0.106 0.106 0.12 0.12 0.12 0.106 0.106 0.106 0.12 0.12 0.106 0.172 0.1 0.188 0.204 0.232 0.308 0.38 0.362 0.336 0.39 0.34 0.448 0.474 0.48 0.572 0.584 0.582 0.688 0.684 0.706 0.73 0.718 0.74 0.742 0.734 0.76 0.778 0.772 0.772 0.75 0.776 0.772 0.782 0.79 0.772 0.792 0.786 0.776 0.776 0.782 0.768 0.798 0.802 0.816 0.808 0.816 0.8 0.814 0.802 0.806 0.792 0.824 0.824 0.812 0.802 0.798 0.806 0.82 0.816 0.818 0.832 0.828 0.834 0.818 0.82 0.824 0.834 0.816 0.826 0.818 0.832 0.826 0.832 0.836 0.83 0.842 0.842 0.84 0.828 0.84 0.838 0.842 0.838 0.848 0.838 0.824 0.844 0.838 0.818 0.834 0.844 0.85 
====================label_inverse
0 0.116 0.116 0.116 0.106 0.106 0.106 0.106 0.106 0.106 0.106 0.106 0.106 0.106 0.106 0.106 0.106 0.106 0.106 0.106 0.106 0.106 0.106 0.106 0.098 0.098 0.098 0.098 0.128 0.116 0.116 0.116 0.116 0.116 0.088 0.088 0.088 0.088 0.088 0.088 0.088 0.088 0.088 0.088 0.088 0.088 0.088 0.088 0.088 0.088 0.088 0.088 0.088 0.14 0.174 0.2 0.188 0.168 0.124 0.208 0.206 0.208 0.202 0.196 0.198 0.098 0.098 0.098 0.098 0.098 0.098 0.098 0.098 0.118 0.098 0.122 0.108 0.1 0.102 0.1 0.1 0.142 0.098 0.088 0.088 0.11 0.102 0.096 0.086 0.102 0.082 0.088 0.086 0.084 0.094 0.084 0.08 0.086 0.088 0.084 0.082 0.084 0.08 0.08 0.08 0.082 0.086 0.088 0.082 0.082 0.082 0.08 0.084 0.088 0.082 0.07 0.072 0.068 0.07 0.086 0.068 
====================label_inverse
0 0.104 0.104 0.104 0.104 0.104 0.104 0.104 0.104 0.104 0.104 0.104 0.104 0.104 0.104 0.104 0.104 0.104 0.104 0.104 0.104 0.104 0.104 0.104 0.104 0.104 0.104 0.104 0.104 0.104 0.104 0.104 0.104 0.104 0.104 0.104 0.104 0.104 0.104 0.104 0.104 0.104 0.104 0.104 0.104 0.104 0.104 0.104 0.104 0.104 0.104 0.104 0.104 0.104 0.104 0.104 0.104 0.104 0.104 0.104 0.104 0.104 0.104 0.104 0.104 0.104 0.104 0.104 0.104 0.104 0.104 0.104 0.104 0.104 0.104 0.104 0.104 0.104 0.104 0.104 0.104 0.104 0.104 0.104 0.104 0.104 0.104 0.104 0.104 0.104 0.104 0.104 0.104 0.104 0.104 0.104 0.104 0.104 0.104 0.104 0.104 0.104 0.104 0.104 0.104 0.104 0.104 0.104 0.104 0.104 0.104 0.104 0.104 0.104 0.104 0.104 0.104 0.104 0.104 0.104 0.104 
====================label_inverse
0 0.094 0.094 0.094 0.094 0.094 0.094 0.114 0.114 0.114 0.114 0.094 0.094 0.094 0.094 0.094 0.094 0.094 0.094 0.094 0.124 0.124 0.124 0.124 0.124 0.124 0.124 0.124 0.124 0.102 0.092 0.092 0.116 0.124 0.124 0.124 0.124 0.124 0.124 0.14 0.302 0.288 0.204 0.242 0.196 0.176 0.196 0.196 0.186 0.158 0.174 0.174 0.092 0.092 0.092 0.092 0.092 0.092 0.092 0.092 0.092 0.092 0.092 0.092 0.092 0.092 0.092 0.148 0.1 0.158 0.092 0.092 0.092 0.092 0.092 0.1 0.092 0.092 0.092 0.1 0.1 0.1 0.14 0.054 0.122 0.072 0.094 0.088 0.09 0.052 0.038 0.076 0.076 0.09 0.09 0.08 0.084 0.086 0.086 0.082 0.082 0.092 0.086 0.09 0.088 0.086 0.092 0.092 0.09 0.088 0.09 0.086 0.084 0.088 0.076 0.086 0.074 0.082 0.07 0.056 0.058 
====================label_inverse
0 0.096 0.096 0.114 0.096 0.096 0.096 0.096 0.096 0.096 0.114 0.114 0.114 0.114 0.114 0.096 0.096 0.096 0.096 0.096 0.096 0.096 0.096 0.096 0.17 0.21 0.17 0.172 0.192 0.25 0.27 0.262 0.296 0.368 0.472 0.47 0.48 0.542 0.57 0.59 0.588 0.61 0.598 0.626 0.634 0.64 0.664 0.694 0.698 0.702 0.71 0.702 0.714 0.726 0.728 0.728 0.72 0.734 0.74 0.75 0.748 0.742 0.762 0.768 0.774 0.762 0.77 0.77 0.778 0.776 0.794 0.79 0.794 0.796 0.776 0.786 0.798 0.786 0.798 0.806 0.8 0.798 0.806 0.806 0.804 0.808 0.806 0.822 0.818 0.804 0.81 0.802 0.808 0.816 0.814 0.816 0.814 0.814 0.814 0.82 0.82 0.824 0.812 0.814 0.816 0.816 0.814 0.814 0.824 0.83 0.824 0.8 0.828 0.822 0.824 0.812 0.822 0.816 0.822 0.83 0.836 
====================label_inverse
0 0.116 0.096 0.096 0.096 0.1 0.1 0.096 0.096 0.096 0.1 0.1 0.1 0.088 0.096 0.096 0.096 0.096 0.096 0.096 0.096 0.096 0.096 0.096 0.096 0.096 0.096 0.124 0.116 0.116 0.116 0.116 0.116 0.096 0.096 0.088 0.088 0.088 0.282 0.274 0.296 0.288 0.168 0.136 0.148 0.122 0.162 0.138 0.156 0.2 0.16 0.188 0.116 0.122 0.116 0.174 0.164 0.146 0.208 0.118 0.116 0.116 0.128 0.146 0.14 0.126 0.17 0.25 0.208 0.18 0.136 0.202 0.158 0.22 0.24 0.262 0.184 0.166 0.238 0.224 0.212 0.192 0.194 0.154 0.126 0.094 0.102 0.102 0.114 0.114 0.094 0.124 0.11 0.12 0.118 0.12 0.118 0.122 0.122 0.11 0.114 0.106 0.076 0.092 0.086 0.074 0.106 0.078 0.058 0.056 0.05 0.048 0.048 0.052 0.026 0.04 0.024 0.036 0.022 0.022 0.02 
====================label_inverse
0 0.114 0.108 0.108 0.114 0.114 0.114 0.114 0.114 0.114 0.114 0.114 0.114 0.114 0.114 0.114 0.114 0.114 0.114 0.114 0.114 0.114 0.114 0.114 0.114 0.114 0.114 0.114 0.114 0.122 0.124 0.222 0.218 0.22 0.22 0.152 0.114 0.114 0.114 0.114 0.114 0.114 0.114 0.114 0.114 0.114 0.114 0.114 0.114 0.114 0.114 0.114 0.114 0.114 0.114 0.114 0.124 0.116 0.114 0.266 0.222 0.224 0.272 0.294 0.204 0.15 0.12 0.186 0.178 0.142 0.128 0.114 0.116 0.114 0.118 0.15 0.178 0.168 0.102 0.088 0.076 0.096 0.116 0.136 0.108 0.054 0.06 0.048 0.046 0.04 0.03 0.038 0.058 0.06 0.064 0.078 0.07 0.068 0.056 0.062 0.072 0.054 0.062 0.064 0.066 0.072 0.068 0.072 0.062 0.07 0.052 0.052 0.062 0.072 0.036 0.048 0.042 0.046 0.03 0.024 0.03 
====================label_inverse
0 0.1 0.1 0.1 0.1 0.1 0.1 0.1 0.1 0.1 0.1 0.1 0.1 0.1 0.1 0.1 0.1 0.1 0.1 0.1 0.1 0.1 0.1 0.1 0.1 0.1 0.1 0.1 0.1 0.1 0.1 0.1 0.1 0.1 0.1 0.19 0.256 0.18 0.104 0.104 0.104 0.104 0.104 0.104 0.104 0.104 0.104 0.104 0.104 0.104 0.104 0.104 0.104 0.104 0.104 0.104 0.104 0.104 0.104 0.104 0.104 0.104 0.104 0.104 0.104 0.104 0.104 0.104 0.104 0.104 0.104 0.104 0.104 0.104 0.104 0.104 0.104 0.104 0.104 0.104 0.104 0.104 0.104 0.104 0.104 0.104 0.104 0.104 0.124 0.164 0.106 0.128 0.124 0.148 0.102 0.102 0.104 0.1 0.108 0.108 0.104 0.102 0.102 0.102 0.104 0.104 0.102 0.102 0.104 0.102 0.102 0.104 0.102 0.102 0.104 0.102 0.102 0.104 0.104 0.106 0.1 
====================label_inverse
0 0.088 0.088 0.088 0.088 0.088 0.088 0.088 0.088 0.088 0.088 0.088 0.088 0.088 0.088 0.088 0.088 0.088 0.088 0.088 0.088 0.088 0.088 0.088 0.088 0.088 0.088 0.088 0.098 0.092 0.098 0.088 0.11 0.088 0.088 0.088 0.088 0.088 0.088 0.088 0.088 0.088 0.088 0.088 0.088 0.088 0.088 0.088 0.088 0.088 0.088 0.088 0.088 0.088 0.088 0.088 0.088 0.088 0.088 0.088 0.088 0.088 0.088 0.088 0.088 0.088 0.088 0.088 0.088 0.088 0.088 0.088 0.088 0.088 0.088 0.088 0.088 0.088 0.088 0.088 0.088 0.088 0.088 0.088 0.088 0.088 0.088 0.088 0.088 0.088 0.088 0.076 0.08 0.018 0.024 0.06 0.068 0.08 0.078 0.074 0.066 0.028 0.024 0.028 0.02 0.018 0.028 0.024 0.012 0.012 0.012 0.01 0.008 0.008 0.012 0.008 0.008 0.01 0.012 0.02 0.008 
====================label_inverse
0 0.122 0.122 0.122 0.122 0.122 0.122 0.122 0.122 0.122 0.122 0.122 0.122 0.122 0.122 0.122 0.122 0.122 0.122 0.122 0.122 0.122 0.122 0.122 0.122 0.122 0.122 0.122 0.122 0.122 0.122 0.122 0.122 0.122 0.122 0.122 0.122 0.122 0.122 0.122 0.122 0.124 0.122 0.124 0.122 0.122 0.122 0.122 0.122 0.122 0.122 0.122 0.122 0.122 0.122 0.122 0.122 0.122 0.122 0.122 0.122 0.122 0.122 0.122 0.122 0.122 0.122 0.122 0.122 0.122 0.122 0.122 0.122 0.122 0.122 0.122 0.122 0.122 0.122 0.122 0.122 0.122 0.122 0.122 0.122 0.122 0.122 0.122 0.122 0.122 0.122 0.122 0.122 0.12 0.1 0.088 0.09 0.11 0.102 0.094 0.1 0.118 0.106 0.108 0.118 0.116 0.12 0.12 0.12 0.12 0.12 0.12 0.12 0.12 0.122 0.122 0.122 0.122 0.122 0.122 0.12 
====================label_inverse
0 0.1 0.1 0.1 0.1 0.1 0.1 0.1 0.1 0.1 0.1 0.1 0.1 0.1 0.1 0.1 0.1 0.1 0.1 0.1 0.1 0.1 0.1 0.1 0.1 0.1 0.1 0.1 0.1 0.1 0.1 0.1 0.1 0.1 0.1 0.1 0.1 0.1 0.1 0.1 0.1 0.1 0.1 0.1 0.1 0.1 0.1 0.1 0.1 0.1 0.1 0.1 0.1 0.1 0.1 0.1 0.1 0.1 0.1 0.1 0.1 0.1 0.1 0.1 0.1 0.1 0.1 0.1 0.1 0.1 0.1 0.1 0.1 0.1 0.1 0.1 0.1 0.1 0.1 0.1 0.1 0.1 0.1 0.1 0.1 0.1 0.1 0.1 0.1 0.1 0.1 0.1 0.1 0.1 0.1 0.1 0.1 0.1 0.1 0.1 0.1 0.1 0.1 0.1 0.1 0.1 0.1 0.1 0.1 0.1 0.1 0.1 0.1 0.1 0.1 0.1 0.1 0.1 0.1 0.1 0.1 
====================