nomal
0 0.106 0.12 0.12 0.106 0.106 0.106 0.106 0.106 0.1 0.1 0.1 0.108 0.106 0.106 0.106 0.162 0.19 0.194 0.228 0.304 0.406 0.404 0.432 0.514 0.542 0.548 0.564 0.566 0.562 0.582 0.582 0.618 0.61 0.644 0.67 0.682 0.67 0.684 0.684 0.698 0.716 0.68 0.728 0.702 0.714 0.732 0.716 0.718 0.73 0.736 0.726 0.72 0.738 0.732 0.742 0.744 0.76 0.738 0.742 0.74 0.744 0.736 0.756 0.756 0.764 0.754 0.766 0.75 0.762 0.754 0.784 0.782 0.788 0.786 0.768 0.774 0.788 0.792 0.788 0.792 0.784 0.784 0.788 0.784 0.792 0.798 0.778 0.794 0.796 0.796 0.796 0.79 0.8 0.8 0.804 0.806 0.806 0.806 0.792 0.804 0.804 0.798 0.798 0.802 0.806 0.818 0.804 0.812 0.814 0.812 0.8 0.808 0.81 0.826 0.818 0.808 0.814 0.822 0.828 0.824 
====================nomal
0 0.072 0.1 0.094 0.126 0.126 0.126 0.126 0.126 0.126 0.126 0.072 0.126 0.126 0.104 0.094 0.16 0.242 0.264 0.322 0.344 0.424 0.506 0.462 0.544 0.548 0.528 0.55 0.556 0.588 0.576 0.562 0.6 0.64 0.638 0.674 0.668 0.666 0.702 0.666 0.672 0.722 0.672 0.698 0.7 0.69 0.728 0.72 0.7 0.716 0.718 0.72 0.714 0.734 0.72 0.728 0.732 0.728 0.732 0.73 0.736 0.742 0.742 0.732 0.752 0.736 0.752 0.762 0.768 0.758 0.754 0.762 0.764 0.766 0.766 0.77 0.772 0.768 0.772 0.784 0.772 0.76 0.77 0.792 0.778 0.79 0.772 0.782 0.79 0.772 0.78 0.786 0.792 0.804 0.792 0.77 0.782 0.79 0.792 0.786 0.788 0.786 0.788 0.788 0.798 0.814 0.794 0.794 0.798 0.802 0.81 0.78 0.798 0.816 0.792 0.804 0.818 0.808 0.796 0.816 0.824 
====================nomal
0 0.09 0.1 0.122 0.09 0.09 0.09 0.09 0.09 0.09 0.09 0.09 0.09 0.09 0.09 0.09 0.15 0.162 0.178 0.2 0.284 0.352 0.448 0.43 0.45 0.49 0.524 0.544 0.574 0.554 0.582 0.608 0.598 0.616 0.616 0.646 0.648 0.688 0.664 0.66 0.66 0.676 0.662 0.678 0.708 0.678 0.698 0.704 0.71 0.716 0.698 0.724 0.704 0.71 0.73 0.734 0.732 0.736 0.74 0.744 0.736 0.722 0.74 0.74 0.748 0.738 0.748 0.722 0.756 0.724 0.752 0.762 0.76 0.766 0.774 0.746 0.75 0.788 0.758 0.756 0.776 0.782 0.784 0.766 0.79 0.772 0.784 0.752 0.768 0.792 0.784 0.788 0.792 0.784 0.79 0.79 0.78 0.788 0.794 0.782 0.798 0.788 0.776 0.786 0.786 0.784 0.784 0.79 0.79 0.79 0.778 0.78 0.798 0.808 0.786 0.794 0.798 0.808 0.784 0.772 0.802 
====================nomal
0 0.124 0.124 0.084 0.124 0.124 0.1 0.1 0.1 0.1 0.1 0.1 0.1 0.1 0.196 0.144 0.222 0.226 0.224 0.25 0.26 0.364 0.372 0.43 0.436 0.442 0.482 0.486 0.478 0.494 0.514 0.522 0.538 0.552 0.562 0.62 0.624 0.63 0.666 0.638 0.632 0.682 0.63 0.68 0.67 0.674 0.68 0.692 0.678 0.682 0.702 0.68 0.678 0.692 0.686 0.686 0.7 0.7 0.706 0.7 0.71 0.698 0.698 0.71 0.718 0.722 0.7 0.706 0.726 0.704 0.72 0.718 0.738 0.734 0.746 0.704 0.724 0.74 0.732 0.732 0.756 0.74 0.758 0.75 0.758 0.746 0.728 0.722 0.754 0.744 0.774 0.726 0.736 0.76 0.77 0.738 0.776 0.786 0.776 0.784 0.786 0.79 0.792 0.738 0.776 0.776 0.754 0.782 0.786 0.782 0.758 0.754 0.792 0.792 0.778 0.782 0.818 0.818 0.768 0.78 0.812 
====================nomal
0 0.098 0.098 0.098 0.088 0.088 0.088 0.098 0.098 0.088 0.088 0.088 0.088 0.088 0.088 0.088 0.136 0.178 0.182 0.22 0.204 0.388 0.372 0.396 0.444 0.462 0.51 0.496 0.536 0.524 0.54 0.568 0.624 0.612 0.666 0.662 0.7 0.704 0.69 0.742 0.71 0.688 0.73 0.732 0.728 0.742 0.704 0.744 0.758 0.738 0.708 0.748 0.752 0.732 0.74 0.75 0.738 0.744 0.748 0.746 0.736 0.756 0.752 0.748 0.758 0.76 0.758 0.742 0.756 0.77 0.778 0.774 0.772 0.762 0.78 0.758 0.764 0.764 0.774 0.774 0.788 0.768 0.774 0.766 0.77 0.794 0.796 0.782 0.776 0.79 0.794 0.792 0.79 0.78 0.804 0.798 0.782 0.806 0.8 0.8 0.796 0.802 0.81 0.812 0.808 0.8 0.804 0.81 0.822 0.818 0.812 0.812 0.824 0.802 0.822 0.826 0.816 0.8 0.82 0.826 0.816 
====================nomal
0 0.116 0.116 0.116 0.066 0.118 0.092 0.104 0.104 0.092 0.098 0.116 0.116 0.128 0.126 0.126 0.158 0.256 0.25 0.276 0.244 0.298 0.388 0.344 0.448 0.498 0.498 0.536 0.556 0.552 0.574 0.558 0.606 0.596 0.616 0.632 0.624 0.64 0.642 0.652 0.65 0.664 0.67 0.688 0.646 0.696 0.674 0.686 0.688 0.69 0.7 0.706 0.698 0.698 0.71 0.716 0.724 0.718 0.72 0.718 0.718 0.736 0.714 0.726 0.724 0.718 0.738 0.738 0.734 0.74 0.744 0.74 0.742 0.746 0.738 0.752 0.764 0.748 0.76 0.758 0.764 0.728 0.762 0.748 0.766 0.764 0.748 0.778 0.778 0.736 0.762 0.776 0.784 0.782 0.764 0.77 0.77 0.778 0.792 0.79 0.762 0.78 0.78 0.796 0.8 0.778 0.778 0.778 0.796 0.798 0.78 0.786 0.802 0.786 0.79 0.794 0.8 0.798 0.802 0.806 0.814 
====================nomal
0 0.114 0.082 0.082 0.082 0.114 0.114 0.086 0.114 0.082 0.114 0.114 0.082 0.082 0.09 0.15 0.108 0.178 0.166 0.218 0.236 0.262 0.328 0.392 0.416 0.428 0.458 0.51 0.496 0.482 0.51 0.512 0.532 0.57 0.57 0.604 0.666 0.63 0.678 0.618 0.608 0.684 0.616 0.704 0.662 0.662 0.674 0.698 0.68 0.678 0.69 0.686 0.662 0.688 0.654 0.668 0.694 0.68 0.718 0.69 0.7 0.688 0.702 0.69 0.728 0.712 0.712 0.692 0.724 0.7 0.744 0.7 0.746 0.728 0.738 0.714 0.72 0.732 0.74 0.734 0.772 0.722 0.778 0.722 0.766 0.748 0.736 0.75 0.758 0.758 0.788 0.764 0.764 0.774 0.77 0.768 0.768 0.764 0.766 0.772 0.78 0.782 0.778 0.748 0.776 0.776 0.78 0.788 0.778 0.784 0.742 0.756 0.786 0.786 0.778 0.778 0.802 0.81 0.788 0.782 0.798 
====================nomal
0 0.084 0.084 0.088 0.084 0.1 0.1 0.1 0.084 0.1 0.1 0.1 0.1 0.1 0.1 0.126 0.128 0.168 0.192 0.218 0.232 0.316 0.446 0.446 0.546 0.534 0.552 0.562 0.564 0.6 0.596 0.618 0.644 0.656 0.682 0.672 0.702 0.672 0.7 0.72 0.706 0.71 0.708 0.726 0.694 0.724 0.722 0.744 0.726 0.738 0.732 0.73 0.732 0.746 0.744 0.752 0.746 0.74 0.754 0.736 0.758 0.762 0.774 0.756 0.75 0.736 0.774 0.78 0.78 0.788 0.776 0.794 0.79 0.764 0.784 0.79 0.786 0.776 0.796 0.788 0.796 0.774 0.788 0.794 0.782 0.79 0.798 0.802 0.808 0.796 0.8 0.8 0.794 0.804 0.812 0.798 0.802 0.81 0.806 0.806 0.812 0.812 0.82 0.824 0.816 0.822 0.832 0.818 0.824 0.832 0.826 0.824 0.82 0.83 0.838 0.838 0.84 0.836 0.828 0.83 0.84 
====================nomal
0 0.13 0.13 0.072 0.13 0.096 0.114 0.114 0.114 0.114 0.114 0.114 0.114 0.16 0.154 0.136 0.158 0.246 0.234 0.266 0.314 0.352 0.388 0.392 0.456 0.502 0.514 0.546 0.55 0.542 0.568 0.568 0.616 0.618 0.644 0.652 0.658 0.666 0.67 0.7 0.674 0.686 0.71 0.72 0.69 0.722 0.708 0.722 0.72 0.736 0.726 0.728 0.708 0.732 0.742 0.742 0.736 0.746 0.76 0.722 0.754 0.748 0.754 0.734 0.746 0.732 0.768 0.764 0.762 0.772 0.756 0.76 0.764 0.762 0.776 0.768 0.764 0.778 0.784 0.764 0.776 0.778 0.776 0.79 0.778 0.794 0.786 0.792 0.788 0.768 0.808 0.782 0.792 0.802 0.804 0.782 0.794 0.8 0.806 0.808 0.804 0.808 0.816 0.8 0.816 0.802 0.792 0.814 0.822 0.816 0.798 0.802 0.828 0.816 0.818 0.82 0.824 0.824 0.812 0.83 0.83 
====================nomal
0 0.122 0.122 0.122 0.122 0.122 0.122 0.122 0.122 0.122 0.122 0.122 0.122 0.122 0.122 0.122 0.144 0.228 0.27 0.284 0.286 0.358 0.372 0.412 0.432 0.526 0.554 0.552 0.572 0.538 0.564 0.598 0.626 0.66 0.674 0.664 0.678 0.688 0.682 0.694 0.7 0.704 0.712 0.71 0.706 0.706 0.71 0.712 0.724 0.722 0.706 0.732 0.728 0.734 0.728 0.74 0.732 0.74 0.74 0.74 0.73 0.734 0.734 0.732 0.738 0.74 0.742 0.742 0.742 0.746 0.75 0.746 0.746 0.75 0.754 0.75 0.75 0.756 0.756 0.76 0.758 0.742 0.764 0.766 0.77 0.758 0.766 0.762 0.764 0.774 0.762 0.766 0.764 0.768 0.774 0.78 0.764 0.774 0.772 0.772 0.782 0.772 0.778 0.782 0.778 0.784 0.778 0.782 0.782 0.784 0.788 0.792 0.788 0.792 0.8 0.806 0.798 0.79 0.818 0.808 0.808 
====================gaussian
0 0.094 0.08 0.072 0.08 0.08 0.072 0.072 0.072 0.08 0.072 0.072 0.072 0.072 0.072 0.072 0.136 0.08 0.08 0.13 0.072 0.092 0.094 0.098 0.158 0.204 0.194 0.266 0.276 0.274 0.332 0.348 0.396 0.456 0.468 0.484 0.438 0.518 0.602 0.574 0.624 0.642 0.662 0.666 0.676 0.69 0.672 0.698 0.704 0.72 0.704 0.738 0.692 0.722 0.716 0.72 0.738 0.744 0.746 0.746 0.754 0.744 0.742 0.75 0.742 0.754 0.764 0.784 0.766 0.786 0.782 0.764 0.774 0.794 0.796 0.786 0.776 0.792 0.798 0.786 0.798 0.798 0.792 0.8 0.808 0.81 0.804 0.802 0.796 0.806 0.802 0.802 0.8 0.806 0.796 0.818 0.82 0.808 0.812 0.8 0.8 0.82 0.812 0.812 0.81 0.818 0.832 0.812 0.816 0.812 0.826 0.832 0.812 0.824 0.838 0.834 0.826 0.822 0.832 0.84 0.828 
====================gaussian
0 0.094 0.094 0.094 0.094 0.094 0.094 0.094 0.114 0.09 0.114 0.114 0.114 0.114 0.114 0.114 0.114 0.114 0.114 0.114 0.114 0.114 0.178 0.116 0.2 0.232 0.23 0.278 0.316 0.336 0.328 0.356 0.43 0.436 0.474 0.486 0.496 0.49 0.586 0.582 0.592 0.626 0.62 0.65 0.654 0.66 0.672 0.68 0.688 0.694 0.692 0.684 0.678 0.716 0.706 0.714 0.71 0.71 0.718 0.724 0.728 0.732 0.73 0.734 0.726 0.736 0.748 0.742 0.74 0.752 0.724 0.742 0.76 0.768 0.76 0.758 0.744 0.772 0.786 0.766 0.772 0.784 0.78 0.776 0.742 0.762 0.768 0.776 0.766 0.774 0.794 0.79 0.782 0.796 0.79 0.794 0.798 0.798 0.798 0.792 0.792 0.804 0.792 0.802 0.806 0.796 0.8 0.808 0.81 0.802 0.814 0.804 0.796 0.812 0.804 0.836 0.816 0.81 0.812 0.832 0.844 
====================gaussian
0 0.104 0.104 0.086 0.104 0.104 0.086 0.086 0.122 0.104 0.104 0.072 0.086 0.086 0.086 0.072 0.08 0.104 0.104 0.072 0.072 0.086 0.086 0.09 0.148 0.17 0.174 0.22 0.28 0.312 0.36 0.384 0.426 0.418 0.43 0.464 0.444 0.458 0.52 0.542 0.532 0.59 0.578 0.614 0.632 0.648 0.642 0.65 0.662 0.704 0.708 0.7 0.726 0.704 0.706 0.71 0.74 0.736 0.746 0.726 0.736 0.732 0.734 0.744 0.76 0.742 0.756 0.746 0.742 0.748 0.742 0.75 0.762 0.77 0.746 0.762 0.752 0.754 0.758 0.754 0.774 0.764 0.772 0.77 0.766 0.776 0.778 0.77 0.772 0.778 0.778 0.766 0.776 0.766 0.784 0.772 0.772 0.78 0.79 0.776 0.786 0.78 0.782 0.78 0.794 0.794 0.78 0.794 0.79 0.808 0.802 0.814 0.794 0.804 0.792 0.792 0.798 0.798 0.79 0.774 0.808 
====================gaussian
0 0.084 0.106 0.11 0.084 0.084 0.084 0.1 0.11 0.094 0.094 0.094 0.094 0.094 0.094 0.094 0.094 0.094 0.094 0.094 0.094 0.116 0.116 0.12 0.228 0.29 0.298 0.34 0.33 0.356 0.362 0.4 0.416 0.43 0.454 0.548 0.554 0.54 0.56 0.572 0.574 0.632 0.61 0.664 0.672 0.678 0.68 0.744 0.71 0.732 0.732 0.726 0.738 0.76 0.738 0.752 0.756 0.79 0.754 0.752 0.768 0.746 0.748 0.764 0.752 0.764 0.776 0.77 0.766 0.784 0.778 0.772 0.77 0.794 0.776 0.784 0.778 0.796 0.792 0.784 0.792 0.786 0.804 0.804 0.776 0.804 0.812 0.788 0.806 0.808 0.812 0.796 0.826 0.802 0.81 0.814 0.816 0.838 0.822 0.816 0.828 0.814 0.814 0.814 0.82 0.83 0.834 0.832 0.818 0.834 0.838 0.826 0.836 0.84 0.824 0.836 0.836 0.836 0.838 0.836 0.832 
====================gaussian
0 0.126 0.126 0.126 0.126 0.126 0.126 0.126 0.126 0.126 0.126 0.126 0.126 0.126 0.126 0.126 0.126 0.126 0.126 0.126 0.126 0.242 0.102 0.102 0.198 0.332 0.22 0.33 0.35 0.37 0.376 0.376 0.408 0.408 0.424 0.41 0.448 0.416 0.554 0.606 0.596 0.596 0.624 0.672 0.688 0.684 0.69 0.722 0.724 0.718 0.698 0.71 0.734 0.77 0.744 0.75 0.758 0.736 0.746 0.75 0.752 0.782 0.76 0.762 0.774 0.778 0.786 0.77 0.766 0.778 0.762 0.786 0.792 0.778 0.788 0.792 0.79 0.794 0.78 0.784 0.788 0.786 0.778 0.786 0.754 0.776 0.774 0.78 0.784 0.772 0.808 0.8 0.806 0.798 0.818 0.808 0.784 0.798 0.778 0.806 0.786 0.8 0.808 0.8 0.804 0.79 0.808 0.808 0.808 0.8 0.812 0.78 0.79 0.812 0.804 0.81 0.802 0.812 0.804 0.798 0.812 
====================gaussian
0 0.106 0.106 0.106 0.106 0.106 0.106 0.116 0.106 0.106 0.106 0.122 0.122 0.122 0.122 0.122 0.098 0.108 0.096 0.088 0.088 0.176 0.106 0.11 0.2 0.25 0.29 0.256 0.282 0.272 0.35 0.358 0.386 0.46 0.498 0.534 0.466 0.556 0.568 0.494 0.582 0.652 0.648 0.664 0.672 0.684 0.702 0.7 0.704 0.706 0.716 0.724 0.726 0.724 0.724 0.736 0.75 0.74 0.746 0.75 0.758 0.756 0.748 0.758 0.744 0.754 0.758 0.76 0.762 0.75 0.774 0.764 0.754 0.754 0.76 0.762 0.756 0.768 0.758 0.758 0.782 0.762 0.764 0.772 0.778 0.768 0.778 0.776 0.788 0.782 0.776 0.766 0.772 0.782 0.782 0.77 0.774 0.778 0.786 0.782 0.78 0.774 0.782 0.776 0.772 0.792 0.79 0.782 0.784 0.78 0.796 0.788 0.794 0.788 0.784 0.786 0.796 0.79 0.798 0.786 0.79 
====================gaussian
0 0.114 0.072 0.072 0.114 0.072 0.072 0.072 0.072 0.114 0.114 0.114 0.114 0.096 0.114 0.114 0.114 0.114 0.114 0.096 0.096 0.114 0.114 0.126 0.17 0.216 0.198 0.174 0.29 0.292 0.374 0.414 0.444 0.442 0.452 0.448 0.5 0.56 0.58 0.622 0.604 0.644 0.644 0.664 0.67 0.696 0.642 0.69 0.71 0.694 0.69 0.676 0.71 0.722 0.696 0.71 0.712 0.722 0.7 0.726 0.718 0.736 0.73 0.75 0.716 0.748 0.74 0.74 0.744 0.754 0.738 0.748 0.762 0.756 0.774 0.778 0.752 0.768 0.774 0.774 0.758 0.782 0.766 0.778 0.776 0.772 0.774 0.782 0.78 0.778 0.784 0.796 0.778 0.814 0.788 0.788 0.8 0.79 0.8 0.794 0.796 0.81 0.796 0.798 0.818 0.794 0.806 0.81 0.814 0.792 0.812 0.8 0.788 0.808 0.81 0.804 0.784 0.81 0.812 0.79 0.804 
====================gaussian
0 0.082 0.082 0.082 0.082 0.082 0.082 0.082 0.076 0.076 0.082 0.082 0.082 0.082 0.082 0.076 0.076 0.132 0.132 0.132 0.132 0.132 0.154 0.098 0.158 0.26 0.206 0.228 0.306 0.326 0.356 0.426 0.448 0.462 0.48 0.49 0.478 0.47 0.584 0.58 0.574 0.622 0.612 0.644 0.642 0.642 0.656 0.664 0.672 0.67 0.692 0.65 0.706 0.696 0.688 0.698 0.704 0.714 0.7 0.7 0.72 0.716 0.726 0.732 0.726 0.734 0.742 0.756 0.752 0.706 0.758 0.728 0.758 0.756 0.752 0.758 0.778 0.762 0.772 0.774 0.764 0.77 0.746 0.762 0.762 0.78 0.76 0.77 0.758 0.768 0.762 0.778 0.784 0.782 0.764 0.78 0.778 0.772 0.77 0.79 0.784 0.784 0.79 0.786 0.788 0.788 0.78 0.78 0.798 0.796 0.772 0.782 0.794 0.794 0.796 0.792 0.786 0.806 0.788 0.776 0.806 
====================gaussian
0 0.088 0.12 0.096 0.088 0.088 0.1 0.1 0.1 0.098 0.098 0.098 0.098 0.098 0.102 0.098 0.098 0.098 0.098 0.106 0.106 0.106 0.098 0.14 0.192 0.198 0.206 0.188 0.304 0.32 0.326 0.36 0.386 0.38 0.412 0.424 0.414 0.456 0.434 0.498 0.556 0.59 0.604 0.644 0.69 0.66 0.704 0.696 0.736 0.7 0.724 0.702 0.702 0.732 0.732 0.726 0.744 0.726 0.746 0.752 0.738 0.758 0.752 0.752 0.766 0.766 0.768 0.772 0.764 0.772 0.764 0.774 0.776 0.784 0.78 0.782 0.788 0.792 0.796 0.804 0.782 0.798 0.8 0.792 0.786 0.78 0.784 0.802 0.79 0.794 0.818 0.81 0.806 0.806 0.804 0.814 0.808 0.8 0.82 0.8 0.828 0.814 0.816 0.808 0.826 0.814 0.818 0.824 0.822 0.834 0.836 0.826 0.828 0.84 0.834 0.844 0.844 0.828 0.822 0.838 0.844 
====================gaussian
0 0.12 0.12 0.12 0.12 0.12 0.12 0.12 0.12 0.092 0.092 0.092 0.12 0.12 0.12 0.116 0.066 0.066 0.066 0.066 0.066 0.18 0.116 0.116 0.182 0.166 0.228 0.284 0.322 0.298 0.32 0.348 0.38 0.388 0.42 0.43 0.448 0.486 0.47 0.508 0.526 0.616 0.612 0.648 0.648 0.674 0.662 0.678 0.674 0.658 0.686 0.648 0.734 0.694 0.702 0.72 0.704 0.724 0.712 0.722 0.716 0.728 0.744 0.742 0.746 0.754 0.752 0.758 0.74 0.774 0.742 0.78 0.772 0.774 0.772 0.78 0.78 0.772 0.79 0.788 0.772 0.786 0.782 0.784 0.756 0.786 0.774 0.79 0.782 0.794 0.792 0.794 0.806 0.812 0.806 0.798 0.788 0.814 0.806 0.808 0.812 0.808 0.798 0.808 0.824 0.814 0.81 0.814 0.802 0.82 0.81 0.806 0.81 0.828 0.81 0.812 0.792 0.816 0.812 0.808 0.822 
====================gaussian
0 0.096 0.096 0.096 0.096 0.096 0.13 0.096 0.096 0.096 0.13 0.096 0.096 0.096 0.096 0.13 0.096 0.096 0.154 0.144 0.16 0.216 0.226 0.232 0.19 0.248 0.358 0.424 0.39 0.454 0.434 0.56 0.504 0.576 0.592 0.6 0.594 0.634 0.63 0.634 0.66 0.626 0.668 0.65 0.682 0.676 0.69 0.672 0.688 0.684 0.69 0.7 0.69 0.708 0.722 0.696 0.714 0.71 0.722 0.726 0.724 0.718 0.738 0.744 0.726 0.75 0.746 0.76 0.756 0.746 0.754 0.75 0.75 0.76 0.748 0.77 0.768 0.768 0.774 0.764 0.77 0.76 0.774 0.778 0.774 0.762 0.78 0.774 0.776 0.784 0.77 0.778 0.77 0.778 0.77 0.79 0.772 0.78 0.77 0.768 0.778 0.788 0.792 0.784 0.784 0.792 0.798 0.804 0.798 0.792 0.808 0.802 0.79 0.814 0.798 0.796 0.802 0.81 0.812 0.788 0.812 
====================gaussian
0 0.116 0.096 0.096 0.116 0.116 0.116 0.116 0.116 0.116 0.116 0.116 0.116 0.116 0.116 0.116 0.116 0.116 0.23 0.218 0.234 0.238 0.238 0.236 0.33 0.334 0.314 0.354 0.386 0.412 0.434 0.484 0.452 0.586 0.588 0.602 0.628 0.62 0.642 0.662 0.666 0.66 0.672 0.66 0.67 0.656 0.69 0.672 0.678 0.67 0.688 0.698 0.686 0.692 0.712 0.724 0.712 0.722 0.726 0.73 0.722 0.72 0.732 0.724 0.748 0.738 0.726 0.736 0.746 0.752 0.742 0.758 0.754 0.744 0.76 0.774 0.746 0.772 0.772 0.772 0.764 0.772 0.772 0.742 0.768 0.78 0.784 0.766 0.784 0.774 0.772 0.788 0.794 0.78 0.768 0.784 0.792 0.79 0.782 0.788 0.792 0.79 0.794 0.782 0.794 0.794 0.782 0.786 0.808 0.784 0.788 0.796 0.806 0.81 0.796 0.816 0.794 0.8 0.784 0.796 0.808 
====================gaussian
0 0.102 0.102 0.098 0.092 0.102 0.102 0.102 0.102 0.102 0.102 0.12 0.104 0.098 0.098 0.092 0.128 0.188 0.184 0.21 0.24 0.266 0.27 0.304 0.26 0.304 0.418 0.32 0.426 0.398 0.47 0.552 0.546 0.57 0.572 0.63 0.616 0.628 0.648 0.636 0.654 0.628 0.654 0.656 0.678 0.674 0.654 0.688 0.672 0.682 0.686 0.704 0.69 0.7 0.714 0.698 0.712 0.706 0.724 0.726 0.728 0.704 0.704 0.746 0.718 0.742 0.736 0.754 0.742 0.746 0.746 0.744 0.758 0.766 0.748 0.75 0.752 0.754 0.762 0.75 0.776 0.77 0.77 0.78 0.764 0.772 0.762 0.774 0.776 0.788 0.794 0.776 0.776 0.786 0.772 0.79 0.802 0.774 0.766 0.786 0.744 0.806 0.75 0.782 0.774 0.786 0.804 0.788 0.784 0.798 0.808 0.784 0.81 0.8 0.792 0.78 0.802 0.8 0.784 0.8 0.802 
====================gaussian
0 0.072 0.104 0.098 0.1 0.102 0.102 0.098 0.104 0.102 0.104 0.102 0.098 0.104 0.098 0.098 0.098 0.098 0.168 0.166 0.214 0.204 0.2 0.208 0.224 0.234 0.296 0.4 0.328 0.36 0.384 0.532 0.544 0.55 0.574 0.586 0.626 0.6 0.628 0.652 0.64 0.648 0.656 0.662 0.682 0.652 0.668 0.676 0.664 0.676 0.674 0.67 0.704 0.676 0.696 0.718 0.698 0.694 0.704 0.714 0.724 0.712 0.732 0.72 0.722 0.74 0.74 0.75 0.738 0.732 0.75 0.742 0.75 0.766 0.73 0.766 0.738 0.764 0.774 0.746 0.772 0.754 0.77 0.758 0.754 0.77 0.766 0.762 0.762 0.776 0.77 0.772 0.78 0.776 0.772 0.768 0.768 0.788 0.762 0.776 0.762 0.776 0.762 0.766 0.774 0.776 0.788 0.788 0.778 0.782 0.788 0.788 0.798 0.8 0.808 0.796 0.798 0.8 0.792 0.802 0.8 
====================gaussian
0 0.114 0.072 0.072 0.094 0.104 0.072 0.108 0.108 0.104 0.094 0.094 0.114 0.114 0.072 0.072 0.172 0.2 0.178 0.186 0.22 0.236 0.226 0.288 0.338 0.338 0.308 0.37 0.366 0.384 0.428 0.524 0.514 0.61 0.594 0.614 0.62 0.626 0.628 0.64 0.668 0.662 0.676 0.664 0.674 0.678 0.686 0.684 0.694 0.698 0.702 0.688 0.694 0.69 0.702 0.736 0.728 0.718 0.738 0.73 0.744 0.722 0.748 0.732 0.744 0.748 0.754 0.762 0.758 0.758 0.754 0.756 0.778 0.79 0.766 0.776 0.758 0.78 0.77 0.764 0.78 0.778 0.768 0.75 0.772 0.772 0.794 0.774 0.774 0.8 0.788 0.786 0.802 0.784 0.796 0.784 0.784 0.806 0.774 0.76 0.776 0.79 0.782 0.776 0.796 0.79 0.806 0.798 0.798 0.79 0.798 0.794 0.794 0.792 0.808 0.788 0.794 0.802 0.798 0.79 0.804 
====================gaussian
0 0.088 0.088 0.094 0.094 0.088 0.086 0.086 0.088 0.088 0.094 0.094 0.086 0.086 0.086 0.086 0.086 0.17 0.15 0.182 0.204 0.218 0.208 0.234 0.262 0.27 0.284 0.312 0.384 0.368 0.376 0.496 0.464 0.598 0.606 0.656 0.628 0.686 0.68 0.664 0.67 0.65 0.67 0.682 0.714 0.692 0.694 0.7 0.732 0.74 0.736 0.736 0.74 0.752 0.744 0.726 0.708 0.746 0.744 0.744 0.758 0.744 0.75 0.752 0.75 0.774 0.766 0.77 0.764 0.758 0.774 0.768 0.762 0.762 0.758 0.788 0.786 0.786 0.784 0.776 0.77 0.784 0.78 0.792 0.786 0.788 0.786 0.788 0.794 0.78 0.778 0.788 0.774 0.762 0.78 0.804 0.796 0.784 0.816 0.78 0.804 0.768 0.808 0.79 0.804 0.79 0.788 0.79 0.78 0.806 0.796 0.804 0.786 0.806 0.796 0.81 0.798 0.796 0.798 0.812 0.802 
====================gaussian
0 0.088 0.082 0.082 0.088 0.088 0.082 0.088 0.088 0.088 0.088 0.088 0.088 0.114 0.114 0.088 0.088 0.182 0.114 0.192 0.256 0.252 0.262 0.278 0.27 0.276 0.292 0.28 0.324 0.378 0.408 0.468 0.536 0.536 0.514 0.638 0.636 0.632 0.666 0.652 0.664 0.65 0.654 0.672 0.7 0.698 0.692 0.686 0.696 0.708 0.722 0.706 0.722 0.712 0.71 0.688 0.706 0.724 0.736 0.732 0.728 0.72 0.73 0.726 0.738 0.712 0.738 0.738 0.744 0.722 0.734 0.736 0.726 0.718 0.724 0.748 0.748 0.762 0.756 0.756 0.76 0.772 0.772 0.792 0.774 0.77 0.758 0.788 0.768 0.774 0.774 0.786 0.774 0.744 0.748 0.772 0.79 0.752 0.77 0.798 0.78 0.802 0.78 0.806 0.79 0.792 0.762 0.782 0.784 0.802 0.8 0.786 0.798 0.788 0.8 0.8 0.812 0.79 0.794 0.808 0.796 
====================gaussian
0 0.084 0.114 0.114 0.084 0.122 0.122 0.114 0.122 0.122 0.094 0.114 0.114 0.114 0.114 0.094 0.16 0.174 0.116 0.2 0.242 0.26 0.178 0.262 0.264 0.27 0.304 0.292 0.422 0.402 0.406 0.444 0.508 0.528 0.544 0.586 0.608 0.602 0.632 0.604 0.638 0.596 0.656 0.638 0.66 0.658 0.67 0.64 0.676 0.672 0.688 0.684 0.67 0.694 0.708 0.69 0.684 0.69 0.696 0.696 0.688 0.696 0.712 0.694 0.714 0.708 0.702 0.71 0.71 0.708 0.702 0.712 0.688 0.692 0.716 0.706 0.712 0.714 0.702 0.712 0.702 0.724 0.698 0.734 0.708 0.7 0.706 0.736 0.718 0.714 0.694 0.718 0.706 0.692 0.692 0.73 0.736 0.704 0.744 0.722 0.764 0.712 0.75 0.742 0.754 0.734 0.72 0.736 0.736 0.736 0.722 0.758 0.732 0.73 0.722 0.752 0.738 0.742 0.762 0.766 0.758 
====================gaussian
0 0.106 0.098 0.094 0.094 0.094 0.094 0.094 0.094 0.094 0.094 0.094 0.094 0.12 0.098 0.098 0.204 0.094 0.164 0.184 0.212 0.24 0.222 0.274 0.308 0.344 0.344 0.412 0.458 0.452 0.468 0.584 0.57 0.626 0.602 0.654 0.63 0.672 0.682 0.658 0.674 0.658 0.686 0.688 0.696 0.694 0.73 0.692 0.73 0.712 0.736 0.744 0.722 0.752 0.762 0.742 0.748 0.748 0.76 0.768 0.76 0.762 0.778 0.772 0.768 0.782 0.76 0.778 0.776 0.778 0.78 0.784 0.772 0.77 0.792 0.788 0.79 0.784 0.794 0.782 0.794 0.774 0.796 0.786 0.8 0.774 0.798 0.786 0.8 0.794 0.784 0.782 0.796 0.802 0.782 0.81 0.804 0.802 0.814 0.784 0.8 0.792 0.828 0.804 0.81 0.806 0.816 0.814 0.81 0.822 0.808 0.842 0.804 0.83 0.82 0.836 0.816 0.826 0.812 0.818 0.834 
====================gaussian
0 0.096 0.096 0.08 0.08 0.096 0.096 0.096 0.096 0.12 0.08 0.12 0.04 0.08 0.08 0.08 0.08 0.08 0.08 0.078 0.188 0.204 0.208 0.23 0.286 0.236 0.316 0.294 0.298 0.406 0.37 0.406 0.504 0.516 0.498 0.558 0.568 0.652 0.628 0.622 0.656 0.644 0.664 0.682 0.698 0.69 0.706 0.692 0.7 0.708 0.716 0.722 0.7 0.726 0.744 0.72 0.716 0.714 0.726 0.736 0.726 0.736 0.726 0.742 0.744 0.76 0.742 0.758 0.76 0.772 0.738 0.778 0.76 0.744 0.782 0.762 0.786 0.75 0.762 0.79 0.772 0.77 0.768 0.784 0.78 0.762 0.764 0.782 0.776 0.762 0.754 0.778 0.764 0.778 0.742 0.776 0.794 0.784 0.77 0.77 0.774 0.79 0.788 0.786 0.79 0.798 0.774 0.782 0.788 0.79 0.784 0.798 0.794 0.794 0.798 0.792 0.804 0.81 0.802 0.8 0.804 
====================gaussian
0 0.106 0.088 0.106 0.106 0.084 0.106 0.106 0.106 0.106 0.106 0.106 0.106 0.106 0.106 0.106 0.106 0.188 0.204 0.3 0.26 0.29 0.322 0.338 0.376 0.38 0.474 0.532 0.534 0.6 0.596 0.604 0.628 0.65 0.656 0.658 0.666 0.682 0.678 0.684 0.694 0.682 0.698 0.692 0.684 0.704 0.696 0.706 0.706 0.722 0.72 0.708 0.728 0.724 0.706 0.714 0.73 0.724 0.748 0.738 0.748 0.738 0.742 0.718 0.746 0.756 0.76 0.774 0.762 0.76 0.762 0.774 0.772 0.772 0.774 0.778 0.754 0.774 0.784 0.774 0.794 0.784 0.786 0.784 0.8 0.77 0.79 0.76 0.774 0.796 0.792 0.82 0.792 0.796 0.796 0.81 0.808 0.796 0.796 0.794 0.808 0.79 0.8 0.788 0.79 0.808 0.824 0.83 0.808 0.818 0.802 0.804 0.81 0.814 0.83 0.828 0.844 0.812 0.83 0.828 0.822 
====================gaussian
0 0.096 0.1 0.12 0.12 0.106 0.1 0.106 0.12 0.12 0.106 0.106 0.12 0.12 0.014 0.004 0.14 0.204 0.232 0.3 0.334 0.384 0.412 0.448 0.542 0.536 0.558 0.594 0.566 0.574 0.606 0.604 0.634 0.622 0.658 0.658 0.672 0.704 0.67 0.694 0.7 0.694 0.698 0.704 0.708 0.686 0.732 0.712 0.736 0.704 0.74 0.752 0.722 0.712 0.746 0.72 0.744 0.752 0.758 0.766 0.736 0.786 0.752 0.786 0.776 0.75 0.79 0.762 0.782 0.778 0.778 0.756 0.802 0.788 0.778 0.77 0.78 0.788 0.78 0.798 0.806 0.788 0.782 0.802 0.79 0.796 0.812 0.774 0.802 0.794 0.812 0.796 0.8 0.8 0.802 0.798 0.804 0.796 0.792 0.814 0.8 0.812 0.798 0.8 0.802 0.8 0.792 0.796 0.788 0.816 0.804 0.818 0.816 0.808 0.81 0.814 0.804 0.812 0.81 0.81 0.798 
====================gaussian
0 0.108 0.126 0.108 0.108 0.108 0.108 0.108 0.108 0.108 0.108 0.108 0.108 0.108 0.106 0.13 0.224 0.246 0.252 0.296 0.318 0.454 0.476 0.5 0.51 0.532 0.548 0.588 0.588 0.6 0.606 0.598 0.614 0.632 0.642 0.642 0.656 0.636 0.654 0.652 0.68 0.686 0.676 0.682 0.714 0.688 0.71 0.702 0.71 0.714 0.722 0.724 0.718 0.7 0.748 0.724 0.746 0.728 0.746 0.738 0.722 0.752 0.746 0.776 0.76 0.742 0.768 0.748 0.764 0.762 0.77 0.754 0.776 0.784 0.768 0.774 0.778 0.778 0.79 0.804 0.796 0.794 0.79 0.798 0.782 0.802 0.798 0.782 0.8 0.788 0.82 0.814 0.818 0.814 0.816 0.82 0.822 0.808 0.818 0.814 0.808 0.806 0.82 0.82 0.814 0.818 0.822 0.83 0.81 0.828 0.808 0.83 0.832 0.824 0.832 0.832 0.824 0.834 0.836 0.84 0.826 
====================gaussian
0 0.086 0.102 0.108 0.108 0.102 0.102 0.108 0.108 0.102 0.102 0.102 0.102 0.108 0.108 0.102 0.144 0.16 0.234 0.272 0.338 0.4 0.374 0.472 0.488 0.502 0.504 0.564 0.524 0.546 0.548 0.576 0.596 0.608 0.654 0.612 0.668 0.692 0.658 0.682 0.688 0.672 0.682 0.706 0.69 0.682 0.718 0.71 0.74 0.724 0.738 0.742 0.742 0.72 0.75 0.728 0.764 0.74 0.768 0.766 0.76 0.76 0.76 0.758 0.776 0.766 0.774 0.782 0.762 0.782 0.766 0.764 0.788 0.788 0.776 0.774 0.76 0.778 0.776 0.78 0.794 0.778 0.794 0.792 0.784 0.778 0.794 0.774 0.778 0.798 0.8 0.808 0.784 0.806 0.792 0.8 0.808 0.802 0.792 0.8 0.8 0.788 0.792 0.802 0.784 0.786 0.806 0.816 0.804 0.814 0.798 0.81 0.812 0.806 0.816 0.812 0.826 0.818 0.824 0.82 0.812 
====================gaussian
0 0.104 0.104 0.104 0.104 0.104 0.104 0.092 0.116 0.104 0.104 0.104 0.104 0.116 0.104 0.104 0.232 0.206 0.24 0.282 0.294 0.372 0.41 0.444 0.41 0.482 0.474 0.51 0.56 0.512 0.576 0.58 0.598 0.614 0.608 0.632 0.638 0.66 0.648 0.658 0.66 0.664 0.682 0.652 0.682 0.676 0.696 0.688 0.69 0.688 0.714 0.712 0.654 0.698 0.698 0.728 0.734 0.718 0.732 0.728 0.722 0.748 0.752 0.758 0.752 0.748 0.772 0.766 0.744 0.766 0.754 0.774 0.748 0.776 0.754 0.762 0.768 0.774 0.77 0.778 0.794 0.79 0.774 0.782 0.774 0.784 0.776 0.75 0.764 0.786 0.778 0.78 0.78 0.794 0.798 0.786 0.79 0.782 0.782 0.794 0.794 0.782 0.774 0.778 0.796 0.81 0.796 0.774 0.768 0.786 0.8 0.788 0.804 0.81 0.802 0.79 0.8 0.806 0.796 0.804 0.792 
====================gaussian
0 0.086 0.086 0.082 0.114 0.114 0.114 0.114 0.114 0.114 0.114 0.114 0.114 0.114 0.082 0.152 0.244 0.224 0.242 0.288 0.29 0.332 0.348 0.402 0.392 0.44 0.44 0.48 0.494 0.53 0.562 0.584 0.624 0.588 0.628 0.628 0.646 0.65 0.642 0.644 0.68 0.676 0.636 0.686 0.68 0.656 0.722 0.674 0.698 0.684 0.704 0.712 0.726 0.678 0.748 0.702 0.744 0.692 0.754 0.736 0.752 0.724 0.738 0.716 0.74 0.75 0.74 0.76 0.752 0.746 0.756 0.75 0.746 0.752 0.768 0.76 0.75 0.758 0.76 0.75 0.776 0.756 0.772 0.754 0.776 0.752 0.784 0.748 0.778 0.766 0.77 0.77 0.758 0.776 0.756 0.774 0.772 0.776 0.784 0.766 0.778 0.76 0.776 0.782 0.762 0.77 0.776 0.778 0.756 0.774 0.774 0.768 0.78 0.79 0.794 0.766 0.792 0.786 0.776 0.778 0.774 
====================gaussian
0 0.1 0.084 0.084 0.084 0.084 0.124 0.084 0.084 0.114 0.114 0.084 0.084 0.084 0.084 0.17 0.168 0.244 0.242 0.25 0.28 0.366 0.404 0.404 0.444 0.478 0.54 0.54 0.574 0.588 0.602 0.618 0.602 0.608 0.658 0.64 0.638 0.67 0.668 0.674 0.666 0.676 0.674 0.658 0.718 0.674 0.706 0.702 0.716 0.69 0.724 0.714 0.696 0.688 0.73 0.712 0.716 0.708 0.722 0.74 0.708 0.766 0.724 0.772 0.746 0.722 0.764 0.73 0.744 0.744 0.732 0.724 0.77 0.762 0.734 0.76 0.77 0.776 0.766 0.782 0.77 0.764 0.764 0.778 0.756 0.79 0.79 0.78 0.766 0.76 0.794 0.796 0.788 0.796 0.798 0.792 0.802 0.792 0.794 0.802 0.804 0.802 0.788 0.806 0.806 0.798 0.792 0.808 0.776 0.822 0.802 0.822 0.81 0.8 0.794 0.81 0.8 0.808 0.798 0.81 0.802 
====================gaussian
0 0.098 0.122 0.122 0.126 0.122 0.122 0.122 0.122 0.126 0.126 0.098 0.122 0.126 0.126 0.128 0.254 0.242 0.22 0.294 0.338 0.37 0.414 0.418 0.506 0.546 0.532 0.572 0.556 0.61 0.578 0.594 0.622 0.676 0.648 0.658 0.702 0.684 0.726 0.728 0.744 0.734 0.722 0.746 0.73 0.752 0.76 0.754 0.768 0.752 0.764 0.764 0.76 0.764 0.768 0.766 0.78 0.768 0.784 0.792 0.776 0.77 0.778 0.764 0.784 0.782 0.782 0.786 0.762 0.772 0.772 0.784 0.772 0.776 0.782 0.768 0.762 0.774 0.772 0.768 0.788 0.782 0.786 0.784 0.79 0.778 0.778 0.75 0.778 0.79 0.784 0.782 0.788 0.788 0.792 0.802 0.792 0.778 0.776 0.78 0.796 0.76 0.778 0.776 0.768 0.806 0.786 0.792 0.786 0.79 0.79 0.784 0.806 0.8 0.796 0.792 0.796 0.802 0.8 0.796 0.798 
====================gaussian
0 0.098 0.098 0.098 0.098 0.098 0.098 0.098 0.098 0.098 0.098 0.096 0.096 0.096 0.096 0.096 0.192 0.194 0.198 0.276 0.306 0.3 0.374 0.458 0.426 0.45 0.502 0.49 0.586 0.59 0.578 0.584 0.596 0.614 0.63 0.622 0.672 0.638 0.688 0.678 0.688 0.702 0.686 0.696 0.698 0.722 0.72 0.714 0.718 0.718 0.714 0.718 0.718 0.726 0.722 0.732 0.72 0.716 0.738 0.734 0.758 0.738 0.744 0.734 0.752 0.762 0.746 0.75 0.76 0.762 0.756 0.772 0.766 0.77 0.77 0.778 0.762 0.772 0.782 0.774 0.778 0.782 0.794 0.792 0.78 0.78 0.774 0.776 0.786 0.782 0.782 0.794 0.79 0.784 0.794 0.788 0.786 0.792 0.79 0.79 0.796 0.792 0.79 0.786 0.79 0.798 0.81 0.802 0.806 0.792 0.798 0.804 0.808 0.812 0.814 0.818 0.812 0.818 0.814 0.812 0.808 
====================gaussian
0 0.088 0.088 0.086 0.088 0.088 0.088 0.088 0.088 0.096 0.088 0.088 0.086 0.086 0.028 0.088 0.202 0.204 0.17 0.262 0.242 0.332 0.37 0.408 0.506 0.48 0.54 0.586 0.554 0.596 0.6 0.6 0.586 0.64 0.644 0.652 0.666 0.638 0.672 0.674 0.692 0.714 0.682 0.704 0.708 0.71 0.734 0.73 0.728 0.722 0.74 0.718 0.722 0.744 0.746 0.766 0.746 0.75 0.754 0.746 0.766 0.766 0.758 0.756 0.756 0.784 0.774 0.768 0.772 0.78 0.77 0.784 0.766 0.782 0.78 0.776 0.762 0.774 0.77 0.782 0.782 0.794 0.778 0.786 0.778 0.788 0.786 0.768 0.784 0.792 0.792 0.79 0.79 0.782 0.798 0.8 0.794 0.798 0.768 0.794 0.794 0.772 0.788 0.784 0.778 0.788 0.798 0.788 0.764 0.788 0.784 0.774 0.8 0.794 0.8 0.784 0.81 0.78 0.8 0.79 0.79 
====================model_negation
0 0.106 0.08 0.08 0.08 0.08 0.08 0.08 0.08 0.08 0.106 0.08 0.08 0.08 0.08 0.11 0.106 0.118 0.106 0.168 0.168 0.218 0.334 0.4 0.41 0.478 0.444 0.526 0.542 0.526 0.574 0.602 0.55 0.598 0.622 0.612 0.658 0.642 0.674 0.676 0.668 0.706 0.688 0.708 0.724 0.698 0.714 0.714 0.712 0.712 0.718 0.722 0.712 0.73 0.73 0.736 0.722 0.744 0.74 0.73 0.75 0.746 0.742 0.766 0.758 0.756 0.75 0.768 0.762 0.762 0.768 0.76 0.774 0.77 0.77 0.78 0.78 0.768 0.766 0.782 0.786 0.78 0.788 0.774 0.784 0.784 0.79 0.794 0.798 0.79 0.798 0.792 0.784 0.802 0.8 0.798 0.794 0.798 0.81 0.808 0.808 0.798 0.804 0.796 0.808 0.8 0.8 0.806 0.81 0.812 0.818 0.806 0.802 0.81 0.814 0.8 0.82 0.808 0.81 0.812 0.816 
====================model_negation
0 0.072 0.108 0.108 0.108 0.108 0.108 0.108 0.108 0.108 0.108 0.108 0.108 0.072 0.072 0.072 0.072 0.126 0.112 0.168 0.186 0.27 0.31 0.354 0.334 0.402 0.394 0.458 0.438 0.428 0.54 0.49 0.548 0.554 0.5 0.618 0.582 0.586 0.614 0.602 0.628 0.684 0.644 0.736 0.684 0.694 0.71 0.668 0.704 0.698 0.678 0.714 0.676 0.7 0.722 0.666 0.722 0.704 0.714 0.698 0.724 0.722 0.724 0.744 0.742 0.744 0.762 0.714 0.744 0.748 0.76 0.75 0.754 0.744 0.762 0.746 0.762 0.766 0.772 0.77 0.774 0.766 0.78 0.78 0.786 0.784 0.79 0.788 0.774 0.786 0.782 0.772 0.79 0.758 0.786 0.772 0.788 0.788 0.77 0.798 0.76 0.806 0.798 0.802 0.804 0.8 0.788 0.776 0.78 0.808 0.796 0.792 0.796 0.78 0.79 0.798 0.796 0.792 0.788 0.804 0.786 
====================model_negation
0 0.092 0.086 0.086 0.086 0.092 0.092 0.092 0.092 0.098 0.092 0.092 0.092 0.086 0.098 0.092 0.098 0.092 0.092 0.132 0.214 0.322 0.382 0.434 0.474 0.426 0.484 0.484 0.486 0.526 0.514 0.546 0.568 0.618 0.618 0.606 0.658 0.646 0.662 0.73 0.666 0.72 0.696 0.736 0.7 0.704 0.736 0.722 0.732 0.738 0.722 0.73 0.724 0.726 0.744 0.712 0.746 0.714 0.748 0.718 0.742 0.74 0.73 0.746 0.75 0.74 0.768 0.732 0.758 0.768 0.758 0.77 0.766 0.756 0.756 0.784 0.774 0.78 0.782 0.768 0.798 0.784 0.786 0.792 0.81 0.792 0.806 0.798 0.804 0.782 0.8 0.77 0.804 0.792 0.786 0.794 0.794 0.786 0.804 0.798 0.796 0.81 0.808 0.804 0.8 0.8 0.806 0.794 0.81 0.8 0.81 0.8 0.792 0.814 0.828 0.802 0.82 0.804 0.808 0.814 0.824 
====================model_negation
0 0.116 0.116 0.116 0.116 0.116 0.116 0.116 0.116 0.116 0.116 0.116 0.116 0.116 0.088 0.088 0.116 0.116 0.118 0.168 0.178 0.196 0.274 0.406 0.434 0.494 0.512 0.508 0.512 0.528 0.55 0.554 0.596 0.588 0.59 0.598 0.63 0.632 0.638 0.648 0.664 0.68 0.666 0.682 0.714 0.68 0.698 0.704 0.712 0.704 0.724 0.716 0.706 0.726 0.71 0.714 0.71 0.738 0.722 0.732 0.724 0.746 0.728 0.744 0.744 0.75 0.724 0.756 0.738 0.742 0.748 0.74 0.762 0.768 0.75 0.746 0.748 0.762 0.754 0.762 0.768 0.754 0.766 0.78 0.762 0.774 0.776 0.766 0.75 0.77 0.772 0.788 0.746 0.77 0.774 0.784 0.764 0.782 0.776 0.784 0.77 0.782 0.78 0.778 0.772 0.776 0.778 0.784 0.774 0.778 0.774 0.776 0.784 0.786 0.782 0.78 0.782 0.776 0.784 0.776 0.776 
====================model_negation
0 0.092 0.102 0.12 0.102 0.092 0.12 0.12 0.092 0.104 0.102 0.118 0.118 0.12 0.102 0.102 0.092 0.092 0.098 0.1 0.212 0.214 0.284 0.43 0.426 0.492 0.498 0.506 0.504 0.53 0.526 0.548 0.58 0.584 0.606 0.59 0.642 0.612 0.64 0.664 0.638 0.686 0.672 0.678 0.696 0.706 0.708 0.694 0.718 0.704 0.708 0.714 0.712 0.698 0.732 0.718 0.734 0.708 0.734 0.728 0.724 0.732 0.742 0.726 0.74 0.748 0.738 0.746 0.752 0.754 0.764 0.762 0.756 0.764 0.758 0.772 0.754 0.766 0.756 0.776 0.782 0.762 0.77 0.754 0.77 0.772 0.774 0.774 0.78 0.766 0.768 0.764 0.782 0.774 0.778 0.77 0.78 0.78 0.772 0.776 0.78 0.774 0.788 0.776 0.8 0.78 0.79 0.788 0.794 0.796 0.796 0.798 0.776 0.792 0.796 0.772 0.796 0.81 0.784 0.798 0.786 
====================model_negation
0 0.11 0.114 0.114 0.086 0.088 0.088 0.108 0.114 0.088 0.088 0.108 0.114 0.088 0.088 0.088 0.088 0.128 0.126 0.168 0.218 0.22 0.232 0.39 0.452 0.502 0.53 0.524 0.522 0.548 0.566 0.57 0.568 0.598 0.61 0.606 0.622 0.616 0.656 0.644 0.676 0.67 0.676 0.706 0.7 0.688 0.706 0.712 0.7 0.702 0.74 0.716 0.7 0.742 0.718 0.694 0.726 0.734 0.748 0.704 0.754 0.762 0.73 0.76 0.76 0.754 0.75 0.74 0.764 0.764 0.75 0.76 0.764 0.772 0.766 0.768 0.768 0.776 0.766 0.782 0.786 0.784 0.786 0.776 0.782 0.78 0.786 0.782 0.788 0.782 0.782 0.77 0.762 0.786 0.788 0.78 0.784 0.796 0.79 0.792 0.788 0.784 0.796 0.794 0.796 0.788 0.802 0.798 0.798 0.794 0.792 0.804 0.804 0.804 0.814 0.806 0.802 0.81 0.81 0.804 0.822 
====================model_negation
0 0.098 0.108 0.108 0.108 0.108 0.108 0.108 0.108 0.108 0.108 0.098 0.098 0.108 0.108 0.108 0.108 0.144 0.094 0.148 0.174 0.292 0.31 0.398 0.452 0.438 0.474 0.486 0.496 0.484 0.498 0.504 0.55 0.58 0.542 0.568 0.624 0.62 0.63 0.662 0.67 0.692 0.656 0.68 0.692 0.698 0.71 0.67 0.7 0.702 0.696 0.704 0.674 0.698 0.728 0.7 0.722 0.706 0.738 0.724 0.69 0.718 0.708 0.724 0.73 0.748 0.734 0.726 0.742 0.744 0.752 0.744 0.744 0.732 0.758 0.752 0.732 0.752 0.752 0.748 0.756 0.756 0.77 0.76 0.776 0.75 0.762 0.772 0.758 0.78 0.76 0.758 0.77 0.748 0.782 0.754 0.764 0.782 0.762 0.782 0.772 0.782 0.78 0.778 0.786 0.774 0.79 0.77 0.784 0.786 0.794 0.79 0.786 0.784 0.788 0.792 0.792 0.794 0.796 0.794 0.794 
====================model_negation
0 0.116 0.094 0.094 0.116 0.098 0.1 0.1 0.094 0.12 0.106 0.1 0.1 0.084 0.122 0.1 0.102 0.08 0.136 0.126 0.152 0.274 0.4 0.434 0.422 0.51 0.502 0.526 0.526 0.532 0.55 0.57 0.58 0.636 0.66 0.658 0.652 0.666 0.67 0.714 0.698 0.712 0.74 0.73 0.722 0.736 0.744 0.752 0.742 0.736 0.734 0.764 0.732 0.754 0.752 0.738 0.766 0.754 0.772 0.752 0.76 0.778 0.762 0.786 0.782 0.774 0.778 0.778 0.79 0.798 0.78 0.778 0.786 0.8 0.784 0.788 0.784 0.794 0.798 0.804 0.808 0.806 0.804 0.794 0.8 0.812 0.808 0.802 0.79 0.8 0.802 0.782 0.786 0.806 0.806 0.806 0.808 0.804 0.822 0.796 0.816 0.818 0.816 0.814 0.806 0.814 0.81 0.796 0.818 0.796 0.806 0.818 0.814 0.814 0.82 0.834 0.814 0.82 0.808 0.82 0.824 
====================model_negation
0 0.09 0.084 0.084 0.084 0.084 0.084 0.084 0.09 0.09 0.084 0.084 0.084 0.084 0.084 0.084 0.084 0.084 0.104 0.156 0.116 0.182 0.264 0.316 0.304 0.416 0.414 0.492 0.452 0.46 0.468 0.496 0.544 0.58 0.544 0.6 0.618 0.614 0.628 0.638 0.628 0.634 0.64 0.69 0.664 0.652 0.688 0.678 0.684 0.672 0.684 0.696 0.672 0.706 0.706 0.676 0.702 0.71 0.704 0.678 0.708 0.714 0.682 0.702 0.712 0.706 0.7 0.712 0.71 0.712 0.71 0.712 0.738 0.73 0.706 0.722 0.712 0.722 0.71 0.732 0.72 0.718 0.726 0.75 0.73 0.738 0.734 0.724 0.708 0.744 0.746 0.756 0.726 0.748 0.736 0.754 0.744 0.738 0.732 0.764 0.732 0.762 0.75 0.758 0.736 0.758 0.758 0.758 0.75 0.748 0.73 0.77 0.766 0.756 0.764 0.76 0.772 0.762 0.76 0.792 0.76 
====================model_negation
0 0.09 0.096 0.096 0.096 0.096 0.096 0.096 0.096 0.096 0.096 0.096 0.096 0.13 0.09 0.09 0.096 0.11 0.106 0.158 0.21 0.292 0.438 0.448 0.47 0.474 0.51 0.538 0.562 0.568 0.576 0.598 0.608 0.62 0.63 0.624 0.658 0.652 0.674 0.696 0.682 0.71 0.71 0.712 0.73 0.716 0.732 0.722 0.732 0.722 0.742 0.742 0.726 0.746 0.74 0.734 0.734 0.74 0.762 0.742 0.742 0.75 0.754 0.75 0.758 0.758 0.75 0.758 0.76 0.77 0.766 0.76 0.77 0.766 0.762 0.776 0.768 0.776 0.778 0.78 0.788 0.792 0.794 0.798 0.79 0.79 0.788 0.794 0.804 0.798 0.792 0.802 0.784 0.786 0.794 0.79 0.794 0.798 0.788 0.794 0.786 0.8 0.81 0.806 0.796 0.792 0.792 0.798 0.804 0.796 0.804 0.8 0.796 0.796 0.8 0.804 0.806 0.79 0.806 0.804 0.798 
====================model_negation
0 0.1 0.1 0.1 0.1 0.1 0.1 0.1 0.1 0.1 0.1 0.1 0.1 0.1 0.22 0.22 0.234 0.242 0.26 0.272 0.352 0.434 0.474 0.51 0.512 0.51 0.518 0.552 0.518 0.56 0.556 0.572 0.604 0.586 0.61 0.628 0.652 0.64 0.624 0.646 0.658 0.662 0.688 0.692 0.694 0.702 0.684 0.708 0.704 0.636 0.688 0.728 0.724 0.72 0.712 0.714 0.734 0.734 0.728 0.722 0.728 0.742 0.756 0.748 0.756 0.75 0.768 0.756 0.748 0.722 0.724 0.7 0.75 0.732 0.75 0.764 0.744 0.716 0.742 0.744 0.754 0.748 0.764 0.766 0.766 0.776 0.78 0.778 0.766 0.736 0.768 0.788 0.792 0.77 0.786 0.768 0.796 0.792 0.79 0.8 0.784 0.784 0.796 0.79 0.816 0.808 0.794 0.798 0.82 0.806 0.81 0.812 0.796 0.81 0.82 0.81 0.822 0.826 0.822 0.832 0.828 
====================model_negation
0 0.106 0.106 0.116 0.116 0.116 0.116 0.116 0.116 0.106 0.106 0.106 0.106 0.208 0.224 0.206 0.268 0.262 0.28 0.282 0.416 0.494 0.496 0.528 0.534 0.606 0.612 0.608 0.616 0.604 0.628 0.664 0.632 0.672 0.654 0.698 0.686 0.684 0.708 0.704 0.724 0.71 0.716 0.732 0.724 0.724 0.724 0.74 0.734 0.726 0.726 0.736 0.744 0.734 0.74 0.744 0.738 0.754 0.762 0.762 0.756 0.77 0.748 0.754 0.76 0.76 0.752 0.758 0.754 0.768 0.768 0.768 0.764 0.774 0.772 0.768 0.776 0.764 0.772 0.774 0.772 0.776 0.772 0.78 0.774 0.772 0.768 0.772 0.776 0.776 0.788 0.784 0.778 0.786 0.784 0.78 0.786 0.774 0.784 0.784 0.796 0.772 0.792 0.786 0.784 0.804 0.802 0.802 0.804 0.786 0.788 0.786 0.786 0.802 0.802 0.792 0.79 0.79 0.802 0.79 0.79 
====================model_negation
0 0.096 0.104 0.096 0.098 0.098 0.096 0.098 0.098 0.098 0.104 0.098 0.098 0.184 0.19 0.2 0.262 0.278 0.29 0.312 0.372 0.378 0.464 0.47 0.568 0.482 0.496 0.586 0.612 0.582 0.636 0.604 0.644 0.66 0.664 0.67 0.68 0.668 0.688 0.684 0.69 0.696 0.7 0.698 0.696 0.71 0.714 0.718 0.702 0.696 0.72 0.73 0.728 0.734 0.736 0.738 0.734 0.734 0.74 0.744 0.75 0.742 0.75 0.746 0.75 0.75 0.742 0.75 0.748 0.734 0.76 0.73 0.744 0.764 0.766 0.748 0.762 0.746 0.752 0.762 0.77 0.774 0.776 0.776 0.778 0.782 0.772 0.794 0.784 0.796 0.778 0.796 0.786 0.79 0.792 0.788 0.788 0.784 0.788 0.796 0.794 0.812 0.794 0.796 0.812 0.784 0.806 0.802 0.81 0.814 0.792 0.812 0.822 0.804 0.796 0.802 0.8 0.816 0.81 0.818 0.818 
====================model_negation
0 0.108 0.072 0.13 0.13 0.072 0.072 0.13 0.13 0.114 0.072 0.072 0.158 0.198 0.2 0.208 0.34 0.35 0.416 0.46 0.45 0.484 0.526 0.572 0.582 0.58 0.59 0.618 0.612 0.632 0.62 0.658 0.65 0.662 0.642 0.664 0.676 0.662 0.69 0.672 0.69 0.684 0.71 0.696 0.69 0.71 0.712 0.72 0.714 0.724 0.706 0.746 0.734 0.718 0.734 0.758 0.754 0.744 0.756 0.756 0.758 0.76 0.752 0.754 0.76 0.758 0.754 0.762 0.776 0.752 0.77 0.776 0.768 0.78 0.78 0.762 0.782 0.774 0.786 0.786 0.782 0.79 0.786 0.784 0.776 0.776 0.784 0.79 0.78 0.796 0.788 0.804 0.802 0.788 0.798 0.794 0.774 0.792 0.806 0.79 0.812 0.782 0.796 0.804 0.808 0.798 0.818 0.824 0.816 0.812 0.808 0.82 0.792 0.782 0.802 0.802 0.806 0.802 0.814 0.808 0.818 
====================model_negation
0 0.12 0.12 0.106 0.106 0.106 0.106 0.12 0.106 0.12 0.12 0.12 0.12 0.198 0.268 0.218 0.278 0.278 0.354 0.33 0.438 0.46 0.45 0.508 0.552 0.562 0.588 0.57 0.646 0.57 0.618 0.654 0.676 0.67 0.66 0.688 0.696 0.686 0.684 0.69 0.694 0.688 0.71 0.714 0.716 0.72 0.71 0.738 0.726 0.688 0.698 0.738 0.718 0.722 0.712 0.736 0.714 0.722 0.722 0.728 0.71 0.722 0.742 0.738 0.744 0.736 0.76 0.742 0.744 0.698 0.742 0.71 0.728 0.732 0.734 0.76 0.746 0.73 0.748 0.752 0.754 0.754 0.774 0.748 0.778 0.782 0.788 0.784 0.772 0.762 0.756 0.75 0.78 0.782 0.77 0.768 0.79 0.802 0.788 0.798 0.776 0.788 0.776 0.796 0.794 0.768 0.79 0.798 0.81 0.79 0.808 0.78 0.792 0.804 0.82 0.806 0.794 0.824 0.804 0.816 0.816 
====================model_negation
0 0.104 0.104 0.072 0.072 0.072 0.072 0.104 0.104 0.104 0.108 0.156 0.146 0.172 0.176 0.18 0.248 0.29 0.276 0.39 0.414 0.426 0.432 0.534 0.572 0.516 0.568 0.58 0.56 0.622 0.648 0.61 0.634 0.666 0.656 0.682 0.674 0.674 0.658 0.674 0.68 0.684 0.692 0.692 0.696 0.702 0.7 0.696 0.704 0.616 0.688 0.712 0.704 0.728 0.694 0.694 0.712 0.722 0.706 0.722 0.72 0.742 0.742 0.748 0.74 0.746 0.756 0.768 0.744 0.718 0.76 0.696 0.748 0.744 0.758 0.776 0.754 0.744 0.768 0.744 0.764 0.776 0.772 0.788 0.756 0.78 0.782 0.782 0.776 0.772 0.78 0.796 0.8 0.782 0.802 0.766 0.788 0.79 0.794 0.802 0.77 0.782 0.8 0.788 0.822 0.802 0.776 0.794 0.79 0.806 0.808 0.812 0.794 0.784 0.806 0.798 0.814 0.802 0.798 0.832 0.814 
====================model_negation
0 0.126 0.126 0.126 0.126 0.126 0.126 0.126 0.126 0.126 0.126 0.126 0.126 0.126 0.224 0.242 0.308 0.222 0.39 0.356 0.414 0.478 0.512 0.53 0.584 0.554 0.55 0.628 0.614 0.65 0.602 0.696 0.682 0.692 0.696 0.71 0.734 0.702 0.722 0.726 0.726 0.73 0.746 0.74 0.74 0.748 0.742 0.752 0.736 0.722 0.728 0.752 0.756 0.744 0.742 0.738 0.738 0.726 0.754 0.754 0.746 0.752 0.744 0.756 0.768 0.776 0.778 0.762 0.762 0.744 0.738 0.724 0.744 0.754 0.75 0.766 0.75 0.742 0.758 0.77 0.762 0.76 0.774 0.772 0.77 0.796 0.796 0.776 0.792 0.772 0.764 0.786 0.782 0.796 0.79 0.79 0.806 0.802 0.8 0.798 0.784 0.788 0.766 0.786 0.794 0.77 0.788 0.786 0.79 0.786 0.794 0.802 0.792 0.782 0.79 0.794 0.772 0.792 0.782 0.792 0.802 
====================model_negation
0 0.098 0.12 0.12 0.12 0.12 0.12 0.12 0.12 0.118 0.118 0.12 0.12 0.158 0.23 0.22 0.238 0.326 0.292 0.404 0.436 0.48 0.566 0.568 0.574 0.58 0.58 0.62 0.584 0.636 0.606 0.628 0.638 0.656 0.642 0.668 0.666 0.658 0.672 0.678 0.684 0.672 0.678 0.686 0.684 0.686 0.682 0.716 0.686 0.652 0.684 0.706 0.688 0.728 0.682 0.708 0.704 0.704 0.692 0.728 0.688 0.738 0.754 0.73 0.742 0.744 0.752 0.75 0.742 0.674 0.728 0.696 0.722 0.718 0.728 0.766 0.748 0.738 0.746 0.754 0.748 0.76 0.774 0.744 0.758 0.774 0.768 0.78 0.756 0.76 0.75 0.768 0.784 0.782 0.788 0.764 0.786 0.788 0.786 0.792 0.756 0.77 0.772 0.784 0.798 0.77 0.774 0.79 0.788 0.8 0.788 0.8 0.784 0.774 0.802 0.772 0.788 0.786 0.784 0.804 0.804 
====================model_negation
0 0.114 0.114 0.086 0.114 0.082 0.082 0.11 0.114 0.108 0.108 0.082 0.164 0.192 0.274 0.21 0.288 0.282 0.286 0.388 0.364 0.432 0.432 0.44 0.512 0.532 0.59 0.534 0.65 0.54 0.638 0.616 0.648 0.63 0.662 0.666 0.682 0.67 0.696 0.67 0.692 0.69 0.698 0.694 0.698 0.692 0.69 0.694 0.698 0.7 0.69 0.71 0.714 0.69 0.706 0.718 0.716 0.728 0.73 0.72 0.736 0.732 0.71 0.746 0.734 0.74 0.726 0.738 0.732 0.746 0.752 0.75 0.762 0.748 0.748 0.74 0.756 0.736 0.744 0.758 0.76 0.76 0.76 0.762 0.774 0.754 0.758 0.772 0.784 0.766 0.768 0.77 0.772 0.758 0.77 0.772 0.782 0.762 0.784 0.794 0.784 0.792 0.78 0.778 0.788 0.76 0.79 0.78 0.794 0.78 0.796 0.792 0.796 0.81 0.796 0.792 0.79 0.81 0.804 0.79 0.796 
====================model_negation
0 0.098 0.094 0.116 0.094 0.084 0.084 0.094 0.094 0.094 0.1 0.094 0.094 0.102 0.168 0.174 0.256 0.268 0.376 0.336 0.432 0.48 0.558 0.592 0.566 0.592 0.648 0.628 0.626 0.65 0.662 0.634 0.634 0.688 0.672 0.688 0.702 0.702 0.73 0.72 0.73 0.724 0.734 0.732 0.74 0.746 0.738 0.744 0.74 0.762 0.734 0.76 0.77 0.746 0.76 0.766 0.766 0.76 0.768 0.774 0.772 0.784 0.762 0.79 0.778 0.79 0.774 0.786 0.786 0.792 0.786 0.784 0.802 0.786 0.782 0.784 0.804 0.78 0.78 0.81 0.804 0.782 0.806 0.792 0.812 0.798 0.788 0.804 0.818 0.806 0.804 0.798 0.804 0.816 0.804 0.816 0.822 0.82 0.822 0.828 0.822 0.816 0.818 0.824 0.824 0.814 0.838 0.822 0.828 0.822 0.83 0.822 0.832 0.832 0.826 0.824 0.822 0.832 0.83 0.826 0.844 
====================model_negation
0 0.122 0.092 0.092 0.122 0.122 0.122 0.182 0.174 0.218 0.212 0.234 0.252 0.332 0.304 0.342 0.318 0.432 0.444 0.48 0.494 0.522 0.53 0.546 0.55 0.548 0.562 0.562 0.592 0.568 0.574 0.564 0.608 0.638 0.654 0.652 0.656 0.666 0.666 0.686 0.676 0.67 0.686 0.71 0.712 0.704 0.696 0.726 0.7 0.724 0.732 0.692 0.72 0.728 0.746 0.742 0.726 0.754 0.738 0.738 0.754 0.75 0.742 0.742 0.75 0.734 0.758 0.742 0.744 0.754 0.732 0.756 0.752 0.74 0.762 0.762 0.75 0.75 0.748 0.76 0.77 0.762 0.776 0.74 0.764 0.762 0.738 0.75 0.764 0.782 0.746 0.77 0.764 0.756 0.724 0.758 0.78 0.76 0.78 0.784 0.768 0.76 0.784 0.77 0.794 0.758 0.796 0.78 0.784 0.772 0.782 0.776 0.792 0.786 0.79 0.788 0.778 0.792 0.78 0.766 0.772 
====================model_negation
0 0.088 0.088 0.088 0.088 0.088 0.088 0.088 0.088 0.196 0.218 0.198 0.198 0.228 0.224 0.246 0.254 0.266 0.372 0.404 0.454 0.48 0.482 0.514 0.5 0.538 0.488 0.508 0.506 0.542 0.584 0.574 0.592 0.528 0.538 0.552 0.612 0.598 0.566 0.564 0.546 0.624 0.58 0.62 0.636 0.71 0.694 0.688 0.736 0.742 0.67 0.724 0.74 0.724 0.702 0.736 0.738 0.732 0.732 0.754 0.732 0.7 0.644 0.748 0.758 0.748 0.73 0.758 0.77 0.764 0.738 0.714 0.762 0.774 0.716 0.758 0.772 0.764 0.77 0.776 0.74 0.784 0.776 0.794 0.79 0.798 0.782 0.772 0.808 0.8 0.786 0.798 0.786 0.786 0.792 0.8 0.792 0.786 0.792 0.796 0.804 0.794 0.784 0.8 0.782 0.816 0.8 0.804 0.82 0.794 0.816 0.798 0.808 0.812 0.804 0.818 0.802 0.796 0.806 0.806 0.804 
====================model_negation
0 0.122 0.122 0.122 0.122 0.1 0.122 0.124 0.204 0.162 0.204 0.194 0.26 0.286 0.28 0.368 0.392 0.444 0.468 0.506 0.502 0.522 0.548 0.564 0.556 0.562 0.586 0.61 0.616 0.608 0.612 0.596 0.634 0.644 0.636 0.678 0.67 0.658 0.688 0.682 0.686 0.7 0.698 0.692 0.702 0.704 0.722 0.71 0.702 0.714 0.72 0.73 0.724 0.74 0.74 0.752 0.73 0.746 0.76 0.74 0.748 0.764 0.74 0.74 0.742 0.764 0.75 0.738 0.758 0.752 0.766 0.756 0.746 0.764 0.78 0.76 0.774 0.778 0.776 0.772 0.782 0.78 0.796 0.788 0.798 0.792 0.792 0.796 0.802 0.804 0.792 0.79 0.8 0.812 0.776 0.814 0.808 0.804 0.808 0.804 0.818 0.8 0.79 0.83 0.808 0.82 0.814 0.824 0.816 0.83 0.828 0.832 0.834 0.812 0.826 0.83 0.84 0.838 0.832 0.822 0.818 
====================model_negation
0 0.096 0.096 0.096 0.096 0.096 0.096 0.096 0.096 0.096 0.188 0.204 0.23 0.24 0.252 0.322 0.32 0.422 0.47 0.51 0.52 0.554 0.564 0.586 0.584 0.592 0.628 0.62 0.634 0.638 0.654 0.62 0.67 0.67 0.666 0.674 0.692 0.676 0.7 0.696 0.7 0.704 0.7 0.708 0.706 0.708 0.72 0.708 0.714 0.714 0.716 0.724 0.742 0.704 0.738 0.738 0.724 0.744 0.744 0.742 0.734 0.754 0.74 0.734 0.748 0.758 0.752 0.756 0.758 0.756 0.772 0.758 0.762 0.748 0.772 0.768 0.752 0.772 0.758 0.77 0.764 0.766 0.778 0.756 0.764 0.766 0.762 0.774 0.772 0.764 0.764 0.768 0.776 0.764 0.738 0.772 0.772 0.774 0.776 0.792 0.786 0.772 0.774 0.784 0.792 0.788 0.786 0.792 0.784 0.792 0.788 0.79 0.792 0.792 0.79 0.786 0.794 0.802 0.792 0.804 0.786 
====================model_negation
0 0.12 0.12 0.096 0.096 0.12 0.12 0.12 0.12 0.12 0.192 0.176 0.23 0.268 0.3 0.332 0.32 0.38 0.516 0.526 0.552 0.546 0.592 0.59 0.59 0.598 0.606 0.622 0.632 0.614 0.648 0.644 0.688 0.682 0.662 0.71 0.71 0.702 0.702 0.73 0.708 0.724 0.728 0.716 0.728 0.738 0.744 0.736 0.748 0.742 0.748 0.748 0.748 0.738 0.76 0.758 0.738 0.758 0.77 0.758 0.756 0.756 0.746 0.762 0.774 0.774 0.772 0.748 0.766 0.762 0.768 0.78 0.76 0.762 0.772 0.776 0.78 0.784 0.786 0.782 0.78 0.774 0.798 0.778 0.798 0.804 0.788 0.792 0.8 0.804 0.788 0.814 0.8 0.804 0.784 0.802 0.806 0.794 0.822 0.802 0.798 0.81 0.804 0.826 0.808 0.822 0.82 0.814 0.82 0.812 0.828 0.82 0.816 0.828 0.816 0.826 0.822 0.834 0.828 0.836 0.808 
====================model_negation
0 0.094 0.1 0.072 0.072 0.1 0.072 0.072 0.1 0.15 0.14 0.146 0.188 0.218 0.22 0.214 0.322 0.316 0.378 0.466 0.422 0.464 0.512 0.516 0.488 0.526 0.492 0.56 0.512 0.558 0.472 0.624 0.562 0.618 0.662 0.694 0.656 0.64 0.674 0.668 0.652 0.712 0.656 0.698 0.658 0.722 0.73 0.716 0.73 0.706 0.706 0.728 0.75 0.714 0.73 0.744 0.756 0.744 0.742 0.758 0.742 0.734 0.738 0.75 0.746 0.762 0.742 0.768 0.768 0.76 0.77 0.77 0.748 0.768 0.752 0.78 0.758 0.784 0.776 0.776 0.764 0.778 0.782 0.764 0.788 0.778 0.784 0.806 0.78 0.778 0.788 0.78 0.78 0.814 0.76 0.798 0.792 0.78 0.796 0.774 0.792 0.806 0.792 0.776 0.79 0.794 0.8 0.788 0.78 0.8 0.79 0.78 0.792 0.792 0.786 0.796 0.8 0.792 0.792 0.804 0.806 
====================model_negation
0 0.104 0.102 0.102 0.072 0.072 0.072 0.12 0.072 0.178 0.204 0.268 0.234 0.3 0.298 0.334 0.382 0.414 0.432 0.464 0.484 0.494 0.504 0.524 0.508 0.554 0.558 0.59 0.594 0.592 0.632 0.578 0.644 0.604 0.632 0.61 0.678 0.628 0.676 0.66 0.628 0.68 0.654 0.674 0.704 0.718 0.694 0.716 0.68 0.696 0.712 0.686 0.692 0.722 0.712 0.708 0.704 0.736 0.71 0.728 0.724 0.706 0.642 0.746 0.76 0.702 0.726 0.74 0.746 0.764 0.728 0.704 0.75 0.756 0.714 0.764 0.788 0.736 0.762 0.784 0.742 0.776 0.782 0.778 0.782 0.8 0.776 0.774 0.81 0.806 0.77 0.812 0.8 0.774 0.782 0.776 0.792 0.814 0.786 0.824 0.82 0.78 0.818 0.83 0.814 0.8 0.81 0.8 0.822 0.798 0.836 0.824 0.82 0.83 0.824 0.842 0.822 0.84 0.844 0.822 0.802 
====================model_negation
0 0.104 0.066 0.12 0.12 0.116 0.116 0.104 0.104 0.092 0.168 0.19 0.286 0.294 0.214 0.308 0.34 0.362 0.404 0.5 0.492 0.518 0.544 0.586 0.58 0.578 0.59 0.58 0.612 0.61 0.63 0.61 0.638 0.646 0.658 0.674 0.676 0.67 0.71 0.692 0.694 0.698 0.7 0.704 0.7 0.696 0.706 0.708 0.704 0.718 0.72 0.71 0.712 0.732 0.73 0.73 0.74 0.728 0.724 0.746 0.736 0.742 0.7 0.736 0.752 0.738 0.748 0.744 0.74 0.762 0.772 0.746 0.77 0.766 0.734 0.764 0.78 0.754 0.774 0.792 0.77 0.768 0.776 0.782 0.792 0.794 0.774 0.774 0.798 0.798 0.778 0.79 0.796 0.786 0.79 0.772 0.8 0.804 0.808 0.804 0.786 0.798 0.788 0.792 0.782 0.796 0.782 0.79 0.798 0.8 0.822 0.814 0.798 0.784 0.806 0.796 0.794 0.798 0.814 0.808 0.794 
====================model_negation
0 0.086 0.09 0.09 0.09 0.108 0.102 0.09 0.066 0.086 0.14 0.2 0.262 0.316 0.31 0.31 0.328 0.404 0.448 0.514 0.524 0.518 0.52 0.522 0.558 0.568 0.532 0.522 0.524 0.548 0.65 0.638 0.648 0.602 0.594 0.616 0.644 0.624 0.628 0.606 0.62 0.67 0.654 0.638 0.664 0.692 0.696 0.694 0.69 0.694 0.684 0.7 0.692 0.722 0.694 0.702 0.724 0.72 0.71 0.732 0.724 0.694 0.648 0.744 0.752 0.708 0.722 0.728 0.734 0.76 0.724 0.68 0.746 0.764 0.698 0.744 0.766 0.746 0.758 0.75 0.714 0.746 0.764 0.784 0.758 0.772 0.77 0.774 0.776 0.78 0.77 0.794 0.756 0.758 0.786 0.78 0.792 0.78 0.786 0.764 0.786 0.79 0.774 0.776 0.764 0.79 0.778 0.792 0.788 0.778 0.798 0.792 0.796 0.798 0.792 0.794 0.786 0.778 0.796 0.79 0.8 
====================model_negation
0 0.106 0.088 0.088 0.108 0.108 0.108 0.108 0.186 0.184 0.198 0.212 0.232 0.338 0.332 0.382 0.36 0.444 0.534 0.516 0.58 0.55 0.586 0.608 0.622 0.594 0.57 0.584 0.602 0.624 0.666 0.632 0.66 0.63 0.652 0.634 0.676 0.65 0.676 0.652 0.642 0.7 0.676 0.682 0.704 0.718 0.718 0.72 0.718 0.726 0.726 0.728 0.72 0.742 0.746 0.75 0.726 0.732 0.738 0.738 0.714 0.696 0.642 0.74 0.74 0.728 0.716 0.736 0.756 0.772 0.708 0.69 0.744 0.752 0.68 0.76 0.77 0.738 0.766 0.77 0.698 0.764 0.762 0.786 0.776 0.798 0.79 0.776 0.776 0.778 0.778 0.796 0.732 0.764 0.778 0.796 0.782 0.776 0.766 0.766 0.804 0.764 0.768 0.766 0.754 0.808 0.788 0.79 0.8 0.772 0.778 0.796 0.796 0.798 0.786 0.778 0.794 0.784 0.776 0.796 0.804 
====================grad_scale
0 0.098 0.098 0.092 0.092 0.098 0.086 0.14 0.166 0.176 0.356 0.372 0.392 0.41 0.472 0.458 0.522 0.532 0.518 0.54 0.538 0.554 0.556 0.638 0.632 0.648 0.674 0.672 0.686 0.674 0.722 0.71 0.734 0.742 0.742 0.738 0.742 0.75 0.75 0.74 0.75 0.77 0.742 0.77 0.774 0.778 0.786 0.77 0.774 0.784 0.764 0.772 0.79 0.78 0.782 0.79 0.802 0.794 0.784 0.786 0.792 0.798 0.808 0.784 0.786 0.8 0.806 0.802 0.792 0.794 0.808 0.81 0.81 0.804 0.81 0.792 0.796 0.814 0.802 0.806 0.798 0.796 0.814 0.792 0.814 0.804 0.81 0.806 0.816 0.806 0.81 0.818 0.81 0.8 0.826 0.802 0.806 0.814 0.814 0.802 0.814 0.826 0.816 0.812 0.806 0.82 0.828 0.822 0.818 0.828 0.836 0.808 0.794 0.824 0.838 0.826 0.818 0.828 0.83 0.818 0.826 
====================grad_scale
0 0.1 0.102 0.102 0.1 0.098 0.102 0.12 0.176 0.102 0.17 0.264 0.29 0.312 0.34 0.392 0.396 0.426 0.498 0.518 0.466 0.56 0.554 0.572 0.596 0.628 0.618 0.626 0.618 0.62 0.666 0.652 0.648 0.678 0.706 0.678 0.674 0.694 0.67 0.686 0.704 0.694 0.69 0.696 0.674 0.692 0.724 0.716 0.684 0.7 0.734 0.71 0.724 0.692 0.73 0.752 0.728 0.748 0.712 0.738 0.752 0.752 0.76 0.758 0.768 0.756 0.75 0.774 0.758 0.75 0.764 0.766 0.786 0.758 0.778 0.744 0.766 0.79 0.756 0.788 0.784 0.77 0.764 0.774 0.78 0.77 0.778 0.776 0.778 0.788 0.786 0.786 0.782 0.784 0.784 0.794 0.776 0.782 0.79 0.798 0.794 0.788 0.776 0.796 0.794 0.79 0.794 0.802 0.802 0.806 0.8 0.808 0.774 0.802 0.78 0.788 0.798 0.79 0.806 0.794 0.81 
====================grad_scale
0 0.116 0.1 0.1 0.116 0.1 0.1 0.1 0.1 0.1 0.228 0.35 0.354 0.386 0.514 0.5 0.514 0.544 0.53 0.568 0.554 0.606 0.606 0.63 0.628 0.66 0.65 0.666 0.666 0.69 0.688 0.706 0.698 0.69 0.718 0.71 0.714 0.728 0.704 0.72 0.73 0.738 0.732 0.742 0.748 0.75 0.754 0.742 0.756 0.76 0.75 0.756 0.762 0.77 0.766 0.766 0.772 0.768 0.784 0.782 0.788 0.79 0.79 0.788 0.782 0.792 0.782 0.794 0.794 0.786 0.784 0.788 0.786 0.802 0.808 0.784 0.814 0.806 0.786 0.806 0.798 0.79 0.808 0.788 0.796 0.81 0.818 0.798 0.786 0.814 0.806 0.82 0.81 0.814 0.82 0.82 0.796 0.816 0.808 0.812 0.81 0.814 0.814 0.806 0.822 0.804 0.818 0.81 0.822 0.818 0.816 0.828 0.79 0.838 0.806 0.822 0.82 0.814 0.812 0.824 0.82 
====================grad_scale
0 0.096 0.096 0.096 0.096 0.096 0.096 0.096 0.096 0.096 0.146 0.196 0.308 0.346 0.422 0.416 0.52 0.534 0.526 0.55 0.54 0.604 0.616 0.632 0.642 0.656 0.654 0.66 0.664 0.682 0.702 0.68 0.69 0.69 0.704 0.7 0.692 0.706 0.696 0.7 0.716 0.694 0.696 0.722 0.714 0.726 0.726 0.72 0.736 0.74 0.734 0.74 0.762 0.746 0.758 0.74 0.762 0.754 0.766 0.766 0.754 0.78 0.786 0.776 0.778 0.772 0.782 0.78 0.762 0.784 0.79 0.786 0.786 0.778 0.794 0.78 0.792 0.792 0.784 0.798 0.794 0.798 0.784 0.784 0.808 0.796 0.796 0.79 0.796 0.804 0.818 0.8 0.814 0.806 0.822 0.806 0.806 0.822 0.808 0.804 0.812 0.824 0.806 0.812 0.81 0.808 0.83 0.824 0.822 0.81 0.81 0.826 0.796 0.812 0.844 0.82 0.816 0.82 0.83 0.826 0.836 
====================grad_scale
0 0.104 0.108 0.108 0.104 0.104 0.108 0.108 0.184 0.188 0.192 0.266 0.276 0.314 0.388 0.37 0.418 0.52 0.528 0.524 0.506 0.544 0.566 0.61 0.608 0.674 0.632 0.644 0.63 0.644 0.67 0.664 0.674 0.68 0.708 0.682 0.688 0.696 0.69 0.688 0.712 0.708 0.694 0.718 0.714 0.726 0.732 0.73 0.728 0.732 0.738 0.73 0.74 0.744 0.744 0.766 0.76 0.782 0.756 0.78 0.77 0.776 0.79 0.782 0.782 0.786 0.77 0.78 0.782 0.78 0.79 0.79 0.794 0.79 0.798 0.758 0.81 0.804 0.798 0.802 0.802 0.794 0.806 0.806 0.824 0.806 0.816 0.806 0.804 0.826 0.814 0.822 0.82 0.83 0.822 0.838 0.82 0.824 0.826 0.824 0.84 0.834 0.824 0.83 0.832 0.83 0.828 0.832 0.832 0.838 0.84 0.844 0.812 0.838 0.832 0.804 0.838 0.824 0.83 0.834 0.844 
====================grad_scale
0 0.114 0.09 0.114 0.114 0.114 0.114 0.114 0.114 0.09 0.098 0.192 0.334 0.312 0.408 0.398 0.492 0.504 0.486 0.52 0.528 0.55 0.54 0.592 0.606 0.638 0.64 0.638 0.628 0.648 0.67 0.666 0.678 0.674 0.698 0.692 0.696 0.71 0.698 0.722 0.712 0.69 0.724 0.704 0.726 0.724 0.738 0.732 0.706 0.73 0.726 0.732 0.734 0.74 0.746 0.746 0.748 0.748 0.75 0.746 0.738 0.756 0.754 0.758 0.754 0.76 0.756 0.762 0.776 0.756 0.77 0.78 0.77 0.756 0.784 0.796 0.788 0.78 0.786 0.796 0.78 0.796 0.786 0.78 0.784 0.804 0.79 0.784 0.8 0.79 0.802 0.8 0.796 0.82 0.826 0.79 0.804 0.804 0.812 0.798 0.794 0.828 0.806 0.802 0.808 0.82 0.824 0.796 0.83 0.816 0.824 0.818 0.816 0.814 0.836 0.81 0.822 0.822 0.822 0.828 0.82 
====================grad_scale
0 0.126 0.126 0.094 0.094 0.094 0.094 0.094 0.094 0.094 0.098 0.302 0.418 0.444 0.428 0.474 0.56 0.578 0.556 0.588 0.59 0.614 0.602 0.652 0.64 0.646 0.672 0.662 0.674 0.676 0.69 0.684 0.696 0.708 0.72 0.726 0.718 0.73 0.718 0.744 0.724 0.73 0.756 0.722 0.736 0.75 0.772 0.754 0.748 0.756 0.756 0.76 0.768 0.764 0.766 0.774 0.768 0.77 0.776 0.766 0.772 0.766 0.774 0.772 0.768 0.778 0.766 0.784 0.782 0.784 0.794 0.794 0.794 0.774 0.786 0.802 0.802 0.794 0.812 0.816 0.786 0.824 0.792 0.812 0.804 0.812 0.796 0.774 0.822 0.802 0.818 0.818 0.802 0.818 0.82 0.82 0.81 0.818 0.826 0.83 0.83 0.828 0.818 0.828 0.832 0.816 0.82 0.814 0.826 0.834 0.834 0.816 0.796 0.828 0.826 0.804 0.832 0.824 0.814 0.84 0.824 
====================grad_scale
0 0.098 0.098 0.098 0.098 0.098 0.098 0.098 0.098 0.098 0.174 0.208 0.35 0.418 0.458 0.5 0.552 0.55 0.562 0.562 0.61 0.63 0.62 0.676 0.676 0.67 0.726 0.7 0.714 0.716 0.722 0.73 0.73 0.728 0.744 0.74 0.746 0.756 0.742 0.758 0.762 0.75 0.752 0.768 0.772 0.774 0.762 0.764 0.778 0.792 0.774 0.786 0.792 0.79 0.79 0.784 0.79 0.786 0.808 0.788 0.788 0.79 0.796 0.794 0.794 0.804 0.796 0.786 0.792 0.8 0.8 0.812 0.802 0.794 0.802 0.818 0.804 0.804 0.828 0.818 0.814 0.828 0.816 0.822 0.814 0.818 0.808 0.8 0.824 0.814 0.826 0.824 0.822 0.818 0.816 0.826 0.824 0.824 0.838 0.818 0.828 0.828 0.814 0.824 0.83 0.822 0.82 0.818 0.83 0.832 0.838 0.828 0.818 0.832 0.832 0.81 0.828 0.83 0.824 0.84 0.84 
====================grad_scale
0 0.088 0.11 0.088 0.114 0.11 0.114 0.114 0.132 0.202 0.214 0.258 0.306 0.346 0.382 0.42 0.51 0.522 0.534 0.53 0.548 0.546 0.562 0.56 0.558 0.582 0.628 0.588 0.632 0.594 0.644 0.656 0.656 0.684 0.676 0.704 0.696 0.726 0.688 0.734 0.692 0.694 0.736 0.694 0.712 0.72 0.756 0.726 0.716 0.728 0.732 0.736 0.748 0.75 0.728 0.758 0.736 0.746 0.76 0.72 0.748 0.716 0.742 0.754 0.744 0.75 0.738 0.768 0.772 0.77 0.762 0.774 0.77 0.74 0.774 0.808 0.776 0.77 0.776 0.792 0.758 0.792 0.78 0.772 0.786 0.79 0.78 0.772 0.8 0.778 0.794 0.786 0.782 0.816 0.8 0.812 0.796 0.808 0.816 0.814 0.814 0.812 0.806 0.812 0.82 0.81 0.802 0.786 0.804 0.826 0.81 0.798 0.788 0.788 0.812 0.784 0.814 0.824 0.794 0.818 0.816 
====================grad_scale
0 0.092 0.092 0.092 0.092 0.092 0.092 0.092 0.092 0.176 0.176 0.262 0.264 0.296 0.472 0.432 0.512 0.552 0.518 0.564 0.558 0.598 0.578 0.618 0.598 0.624 0.616 0.63 0.626 0.628 0.664 0.662 0.662 0.664 0.684 0.692 0.686 0.714 0.674 0.704 0.71 0.696 0.704 0.712 0.722 0.726 0.732 0.726 0.74 0.746 0.746 0.736 0.76 0.746 0.75 0.744 0.756 0.752 0.762 0.766 0.742 0.78 0.758 0.752 0.756 0.766 0.788 0.762 0.758 0.786 0.784 0.772 0.792 0.76 0.776 0.786 0.794 0.786 0.804 0.788 0.774 0.798 0.776 0.786 0.794 0.788 0.776 0.776 0.796 0.79 0.796 0.788 0.794 0.792 0.796 0.798 0.794 0.8 0.796 0.806 0.79 0.808 0.808 0.796 0.81 0.798 0.824 0.788 0.81 0.82 0.81 0.814 0.804 0.796 0.822 0.806 0.804 0.808 0.812 0.814 0.816 
====================grad_scale
0 0.098 0.098 0.094 0.098 0.122 0.122 0.122 0.098 0.092 0.092 0.092 0.122 0.122 0.122 0.122 0.114 0.092 0.244 0.256 0.282 0.186 0.2 0.22 0.352 0.28 0.37 0.358 0.362 0.514 0.458 0.498 0.496 0.55 0.56 0.548 0.59 0.618 0.624 0.572 0.598 0.696 0.654 0.642 0.702 0.68 0.722 0.706 0.728 0.714 0.734 0.744 0.748 0.75 0.742 0.716 0.756 0.75 0.744 0.75 0.764 0.74 0.736 0.736 0.76 0.764 0.744 0.762 0.756 0.76 0.758 0.738 0.774 0.758 0.77 0.772 0.766 0.782 0.768 0.774 0.768 0.756 0.786 0.784 0.742 0.788 0.776 0.784 0.782 0.78 0.758 0.788 0.794 0.784 0.78 0.794 0.794 0.774 0.778 0.776 0.76 0.786 0.796 0.786 0.784 0.766 0.778 0.776 0.8 0.774 0.794 0.778 0.792 0.796 0.806 0.798 0.8 0.792 0.796 0.766 0.796 
====================grad_scale
0 0.094 0.08 0.08 0.072 0.072 0.094 0.108 0.108 0.108 0.094 0.094 0.094 0.094 0.094 0.094 0.094 0.094 0.162 0.158 0.16 0.214 0.214 0.186 0.266 0.274 0.292 0.33 0.41 0.436 0.406 0.472 0.494 0.534 0.532 0.556 0.576 0.57 0.592 0.552 0.584 0.618 0.62 0.614 0.652 0.638 0.678 0.658 0.67 0.668 0.668 0.684 0.708 0.702 0.71 0.724 0.708 0.71 0.732 0.718 0.728 0.72 0.746 0.716 0.72 0.726 0.714 0.738 0.736 0.742 0.71 0.744 0.748 0.74 0.75 0.738 0.768 0.744 0.752 0.748 0.738 0.744 0.744 0.764 0.752 0.758 0.764 0.764 0.752 0.776 0.744 0.758 0.78 0.752 0.774 0.764 0.762 0.766 0.772 0.76 0.776 0.778 0.778 0.792 0.768 0.794 0.768 0.794 0.786 0.81 0.784 0.792 0.786 0.8 0.794 0.802 0.804 0.816 0.794 0.798 0.786 
====================grad_scale
0 0.11 0.12 0.084 0.084 0.084 0.084 0.084 0.084 0.084 0.084 0.084 0.084 0.084 0.084 0.084 0.084 0.084 0.166 0.166 0.168 0.168 0.174 0.256 0.264 0.234 0.336 0.32 0.3 0.36 0.36 0.53 0.524 0.57 0.588 0.574 0.622 0.614 0.632 0.544 0.63 0.636 0.646 0.578 0.598 0.66 0.636 0.642 0.646 0.66 0.67 0.65 0.664 0.658 0.642 0.662 0.712 0.666 0.686 0.668 0.728 0.69 0.692 0.646 0.692 0.696 0.692 0.67 0.7 0.708 0.692 0.692 0.732 0.724 0.738 0.716 0.716 0.72 0.696 0.736 0.704 0.714 0.742 0.716 0.77 0.746 0.734 0.742 0.758 0.73 0.712 0.742 0.73 0.776 0.724 0.77 0.748 0.76 0.726 0.774 0.736 0.76 0.78 0.754 0.798 0.74 0.788 0.726 0.822 0.734 0.786 0.752 0.794 0.758 0.78 0.768 0.764 0.768 0.814 0.756 0.768 
====================grad_scale
0 0.096 0.096 0.096 0.096 0.096 0.116 0.116 0.088 0.116 0.116 0.116 0.116 0.116 0.116 0.116 0.05 0.094 0.116 0.116 0.116 0.238 0.23 0.262 0.29 0.282 0.316 0.366 0.37 0.408 0.4 0.442 0.47 0.524 0.526 0.572 0.556 0.572 0.594 0.6 0.606 0.632 0.644 0.65 0.652 0.642 0.672 0.668 0.648 0.64 0.664 0.7 0.69 0.684 0.696 0.678 0.704 0.726 0.714 0.72 0.72 0.734 0.7 0.714 0.718 0.722 0.714 0.738 0.738 0.724 0.738 0.74 0.744 0.754 0.734 0.762 0.748 0.762 0.75 0.764 0.766 0.742 0.782 0.76 0.756 0.768 0.766 0.766 0.772 0.758 0.756 0.768 0.768 0.772 0.772 0.774 0.778 0.768 0.784 0.774 0.776 0.782 0.784 0.782 0.782 0.772 0.776 0.8 0.786 0.786 0.78 0.79 0.786 0.782 0.78 0.782 0.784 0.784 0.78 0.78 0.776 
====================grad_scale
0 0.082 0.082 0.082 0.082 0.082 0.082 0.082 0.082 0.082 0.082 0.082 0.082 0.082 0.082 0.082 0.082 0.082 0.082 0.082 0.082 0.214 0.216 0.246 0.256 0.28 0.28 0.278 0.342 0.366 0.37 0.458 0.42 0.524 0.542 0.518 0.578 0.592 0.602 0.546 0.582 0.618 0.604 0.622 0.634 0.642 0.664 0.66 0.684 0.652 0.71 0.694 0.696 0.678 0.684 0.67 0.69 0.712 0.722 0.696 0.716 0.718 0.732 0.714 0.726 0.716 0.71 0.716 0.73 0.74 0.73 0.738 0.74 0.738 0.746 0.746 0.748 0.736 0.748 0.75 0.742 0.726 0.754 0.758 0.724 0.766 0.764 0.758 0.756 0.77 0.772 0.758 0.776 0.736 0.77 0.758 0.766 0.758 0.768 0.752 0.77 0.762 0.778 0.77 0.764 0.762 0.764 0.782 0.77 0.788 0.762 0.774 0.776 0.782 0.774 0.776 0.776 0.786 0.778 0.776 0.788 
====================grad_scale
0 0.102 0.098 0.08 0.08 0.106 0.106 0.106 0.106 0.102 0.102 0.102 0.102 0.102 0.102 0.102 0.102 0.102 0.102 0.102 0.208 0.208 0.208 0.262 0.242 0.258 0.296 0.334 0.372 0.392 0.402 0.454 0.538 0.578 0.594 0.592 0.612 0.62 0.622 0.566 0.628 0.632 0.636 0.62 0.648 0.654 0.692 0.692 0.688 0.664 0.692 0.724 0.702 0.714 0.702 0.706 0.714 0.73 0.734 0.732 0.744 0.722 0.7 0.704 0.736 0.732 0.724 0.742 0.732 0.73 0.734 0.732 0.764 0.716 0.744 0.736 0.742 0.766 0.748 0.772 0.73 0.738 0.762 0.764 0.758 0.766 0.752 0.752 0.778 0.752 0.75 0.756 0.77 0.768 0.768 0.764 0.78 0.758 0.764 0.774 0.754 0.78 0.772 0.776 0.772 0.756 0.766 0.77 0.784 0.774 0.788 0.774 0.784 0.788 0.788 0.788 0.792 0.786 0.794 0.774 0.78 
====================grad_scale
0 0.102 0.104 0.102 0.102 0.102 0.102 0.102 0.102 0.102 0.102 0.102 0.102 0.102 0.102 0.102 0.102 0.102 0.102 0.102 0.102 0.196 0.196 0.24 0.268 0.288 0.292 0.364 0.34 0.424 0.412 0.432 0.492 0.514 0.526 0.516 0.542 0.568 0.556 0.56 0.562 0.6 0.58 0.636 0.636 0.618 0.668 0.616 0.638 0.642 0.656 0.672 0.658 0.662 0.658 0.656 0.686 0.714 0.68 0.71 0.702 0.682 0.682 0.686 0.692 0.702 0.694 0.718 0.712 0.704 0.734 0.716 0.716 0.704 0.728 0.734 0.752 0.732 0.74 0.718 0.714 0.714 0.748 0.738 0.744 0.752 0.744 0.756 0.76 0.744 0.734 0.758 0.752 0.754 0.754 0.758 0.764 0.754 0.75 0.746 0.762 0.774 0.782 0.776 0.752 0.764 0.766 0.78 0.772 0.782 0.758 0.764 0.768 0.778 0.788 0.78 0.77 0.77 0.764 0.762 0.788 
====================grad_scale
0 0.066 0.066 0.066 0.102 0.102 0.102 0.102 0.102 0.102 0.102 0.102 0.102 0.102 0.102 0.102 0.102 0.102 0.102 0.102 0.21 0.222 0.234 0.258 0.23 0.222 0.248 0.308 0.326 0.318 0.412 0.464 0.504 0.554 0.57 0.546 0.572 0.592 0.594 0.584 0.592 0.608 0.598 0.59 0.616 0.624 0.648 0.67 0.654 0.664 0.666 0.664 0.664 0.68 0.662 0.67 0.69 0.684 0.682 0.692 0.688 0.698 0.682 0.7 0.704 0.702 0.706 0.714 0.712 0.708 0.714 0.714 0.714 0.722 0.722 0.726 0.738 0.72 0.746 0.72 0.744 0.726 0.726 0.734 0.738 0.722 0.764 0.77 0.748 0.76 0.736 0.766 0.76 0.746 0.774 0.768 0.77 0.752 0.774 0.744 0.774 0.77 0.788 0.782 0.774 0.774 0.77 0.782 0.776 0.788 0.776 0.782 0.792 0.79 0.778 0.796 0.794 0.79 0.784 0.784 0.79 
====================grad_scale
0 0.09 0.09 0.09 0.114 0.114 0.114 0.114 0.114 0.114 0.114 0.114 0.114 0.114 0.114 0.114 0.114 0.114 0.114 0.114 0.208 0.23 0.226 0.24 0.292 0.296 0.34 0.354 0.396 0.406 0.432 0.45 0.48 0.514 0.538 0.53 0.54 0.516 0.56 0.588 0.584 0.578 0.572 0.618 0.626 0.588 0.654 0.64 0.572 0.658 0.594 0.65 0.662 0.648 0.696 0.656 0.706 0.67 0.688 0.696 0.692 0.7 0.66 0.696 0.688 0.73 0.686 0.712 0.73 0.686 0.682 0.708 0.734 0.72 0.716 0.722 0.732 0.73 0.718 0.752 0.73 0.716 0.744 0.738 0.762 0.762 0.748 0.766 0.77 0.732 0.694 0.754 0.736 0.776 0.752 0.754 0.756 0.762 0.752 0.758 0.758 0.764 0.768 0.762 0.774 0.74 0.762 0.742 0.78 0.758 0.788 0.782 0.796 0.762 0.78 0.78 0.794 0.76 0.79 0.788 0.772 
====================grad_scale
0 0.09 0.09 0.09 0.09 0.09 0.09 0.09 0.09 0.09 0.09 0.09 0.09 0.09 0.09 0.09 0.09 0.09 0.09 0.09 0.146 0.158 0.158 0.18 0.188 0.212 0.23 0.236 0.314 0.32 0.458 0.434 0.456 0.526 0.534 0.534 0.528 0.566 0.56 0.59 0.552 0.562 0.568 0.598 0.62 0.592 0.59 0.618 0.584 0.614 0.602 0.604 0.602 0.61 0.608 0.614 0.694 0.614 0.628 0.638 0.666 0.634 0.652 0.62 0.626 0.658 0.61 0.65 0.634 0.63 0.65 0.652 0.678 0.686 0.674 0.688 0.666 0.682 0.69 0.66 0.656 0.682 0.7 0.69 0.724 0.692 0.696 0.716 0.71 0.686 0.674 0.71 0.696 0.718 0.704 0.716 0.71 0.72 0.694 0.714 0.714 0.72 0.722 0.726 0.734 0.69 0.728 0.694 0.738 0.708 0.738 0.728 0.75 0.746 0.74 0.744 0.754 0.712 0.75 0.738 0.718 
====================grad_scale
0 0.132 0.132 0.114 0.132 0.132 0.114 0.108 0.132 0.132 0.114 0.15 0.132 0.226 0.23 0.396 0.398 0.468 0.466 0.496 0.5 0.494 0.53 0.562 0.502 0.556 0.566 0.552 0.536 0.618 0.528 0.576 0.532 0.592 0.612 0.528 0.602 0.574 0.66 0.664 0.562 0.588 0.598 0.596 0.626 0.642 0.634 0.642 0.654 0.648 0.636 0.648 0.65 0.646 0.648 0.646 0.65 0.648 0.648 0.648 0.646 0.648 0.644 0.648 0.648 0.652 0.652 0.656 0.646 0.646 0.65 0.644 0.642 0.648 0.644 0.636 0.652 0.66 0.648 0.658 0.646 0.646 0.648 0.66 0.636 0.654 0.638 0.65 0.656 0.65 0.644 0.66 0.656 0.666 0.662 0.644 0.644 0.65 0.674 0.666 0.646 0.66 0.666 0.654 0.658 0.656 0.65 0.662 0.662 0.642 0.658 0.65 0.652 0.646 0.678 0.616 0.64 0.666 0.658 0.62 0.636 
====================grad_scale
0 0.098 0.098 0.098 0.098 0.098 0.098 0.098 0.098 0.098 0.098 0.098 0.182 0.188 0.188 0.392 0.376 0.428 0.44 0.47 0.466 0.504 0.47 0.514 0.576 0.566 0.608 0.628 0.57 0.626 0.558 0.632 0.588 0.666 0.668 0.564 0.69 0.652 0.634 0.648 0.628 0.672 0.658 0.684 0.69 0.71 0.704 0.712 0.706 0.704 0.704 0.714 0.718 0.718 0.716 0.706 0.704 0.706 0.708 0.71 0.718 0.712 0.712 0.71 0.712 0.706 0.714 0.718 0.708 0.722 0.726 0.72 0.718 0.712 0.716 0.716 0.718 0.728 0.722 0.726 0.718 0.718 0.718 0.72 0.708 0.722 0.708 0.722 0.728 0.718 0.714 0.732 0.726 0.726 0.726 0.716 0.714 0.732 0.74 0.736 0.73 0.722 0.738 0.738 0.72 0.728 0.72 0.73 0.736 0.726 0.722 0.724 0.72 0.732 0.696 0.702 0.608 0.71 0.654 0.684 0.71 
====================grad_scale
0 0.072 0.122 0.104 0.086 0.072 0.108 0.104 0.086 0.086 0.086 0.198 0.18 0.31 0.308 0.418 0.416 0.534 0.482 0.562 0.514 0.55 0.52 0.552 0.584 0.586 0.598 0.632 0.632 0.628 0.642 0.636 0.654 0.658 0.614 0.598 0.69 0.69 0.64 0.662 0.714 0.664 0.668 0.694 0.716 0.708 0.698 0.688 0.7 0.7 0.696 0.698 0.696 0.702 0.698 0.696 0.7 0.698 0.7 0.69 0.694 0.7 0.7 0.692 0.696 0.696 0.694 0.694 0.704 0.702 0.7 0.7 0.702 0.698 0.7 0.704 0.702 0.698 0.698 0.712 0.702 0.704 0.7 0.706 0.71 0.71 0.708 0.702 0.708 0.71 0.71 0.702 0.712 0.714 0.712 0.716 0.71 0.714 0.714 0.714 0.706 0.716 0.714 0.716 0.718 0.706 0.712 0.716 0.722 0.722 0.716 0.724 0.718 0.732 0.678 0.722 0.654 0.722 0.666 0.7 0.724 
====================grad_scale
0 0.098 0.098 0.122 0.098 0.092 0.092 0.122 0.092 0.098 0.122 0.122 0.26 0.352 0.352 0.392 0.44 0.5 0.486 0.534 0.536 0.544 0.558 0.578 0.584 0.614 0.632 0.628 0.664 0.652 0.668 0.674 0.694 0.706 0.662 0.642 0.682 0.666 0.676 0.688 0.692 0.676 0.7 0.738 0.724 0.734 0.75 0.744 0.74 0.746 0.754 0.738 0.734 0.746 0.752 0.758 0.742 0.748 0.752 0.746 0.74 0.746 0.752 0.748 0.744 0.752 0.75 0.75 0.758 0.762 0.742 0.756 0.752 0.75 0.754 0.76 0.754 0.752 0.754 0.75 0.758 0.758 0.752 0.74 0.762 0.758 0.758 0.758 0.748 0.762 0.76 0.75 0.758 0.764 0.764 0.764 0.762 0.754 0.756 0.756 0.762 0.764 0.76 0.756 0.762 0.758 0.76 0.758 0.76 0.76 0.77 0.774 0.768 0.756 0.744 0.722 0.666 0.724 0.696 0.698 0.748 
====================grad_scale
0 0.118 0.102 0.116 0.118 0.102 0.102 0.118 0.118 0.102 0.118 0.118 0.108 0.106 0.256 0.366 0.442 0.444 0.468 0.494 0.462 0.508 0.518 0.554 0.544 0.57 0.596 0.612 0.602 0.61 0.6 0.636 0.594 0.668 0.63 0.582 0.654 0.64 0.636 0.658 0.624 0.662 0.656 0.672 0.684 0.686 0.684 0.684 0.696 0.698 0.696 0.694 0.7 0.704 0.706 0.7 0.696 0.696 0.696 0.696 0.696 0.698 0.698 0.706 0.706 0.708 0.7 0.696 0.692 0.702 0.698 0.7 0.704 0.704 0.708 0.694 0.698 0.708 0.706 0.696 0.696 0.702 0.702 0.7 0.692 0.706 0.698 0.7 0.71 0.698 0.698 0.708 0.706 0.706 0.7 0.694 0.696 0.7 0.7 0.7 0.688 0.698 0.712 0.7 0.694 0.714 0.696 0.704 0.716 0.696 0.714 0.692 0.686 0.722 0.692 0.668 0.626 0.686 0.678 0.68 0.694 
====================grad_scale
0 0.122 0.122 0.122 0.122 0.122 0.122 0.122 0.122 0.122 0.122 0.122 0.18 0.204 0.216 0.418 0.422 0.446 0.45 0.49 0.486 0.48 0.522 0.552 0.534 0.574 0.582 0.602 0.6 0.628 0.594 0.64 0.608 0.658 0.628 0.522 0.656 0.656 0.656 0.676 0.622 0.648 0.642 0.652 0.682 0.688 0.668 0.658 0.672 0.664 0.664 0.668 0.67 0.676 0.68 0.68 0.674 0.674 0.676 0.676 0.678 0.68 0.676 0.674 0.674 0.676 0.674 0.67 0.67 0.676 0.684 0.682 0.676 0.68 0.676 0.682 0.7 0.69 0.686 0.676 0.684 0.684 0.682 0.676 0.682 0.684 0.67 0.678 0.696 0.692 0.69 0.692 0.68 0.688 0.684 0.688 0.688 0.692 0.69 0.69 0.68 0.692 0.682 0.686 0.678 0.69 0.676 0.69 0.712 0.68 0.694 0.676 0.662 0.69 0.7 0.63 0.618 0.698 0.71 0.666 0.684 
====================grad_scale
0 0.084 0.098 0.084 0.084 0.084 0.084 0.084 0.084 0.098 0.098 0.094 0.11 0.172 0.188 0.358 0.33 0.44 0.506 0.532 0.55 0.56 0.548 0.582 0.584 0.58 0.606 0.618 0.628 0.626 0.642 0.626 0.634 0.668 0.648 0.512 0.692 0.678 0.67 0.642 0.638 0.628 0.64 0.712 0.69 0.678 0.686 0.702 0.706 0.706 0.696 0.694 0.686 0.694 0.69 0.692 0.69 0.69 0.692 0.692 0.7 0.7 0.704 0.694 0.698 0.702 0.708 0.712 0.716 0.71 0.698 0.692 0.706 0.716 0.718 0.692 0.694 0.714 0.704 0.702 0.7 0.708 0.7 0.694 0.698 0.712 0.708 0.694 0.692 0.72 0.7 0.7 0.71 0.716 0.722 0.712 0.704 0.696 0.696 0.702 0.704 0.714 0.712 0.702 0.71 0.726 0.71 0.714 0.694 0.706 0.7 0.714 0.712 0.69 0.732 0.576 0.63 0.688 0.69 0.646 0.672 
====================grad_scale
0 0.1 0.1 0.1 0.1 0.1 0.1 0.1 0.1 0.1 0.1 0.1 0.1 0.2 0.2 0.414 0.394 0.44 0.504 0.546 0.546 0.558 0.572 0.574 0.582 0.626 0.624 0.634 0.648 0.656 0.642 0.672 0.628 0.67 0.65 0.616 0.672 0.66 0.692 0.702 0.674 0.664 0.666 0.688 0.682 0.686 0.692 0.684 0.69 0.688 0.684 0.694 0.694 0.69 0.696 0.692 0.692 0.694 0.692 0.69 0.688 0.688 0.69 0.692 0.692 0.694 0.696 0.698 0.696 0.698 0.704 0.708 0.702 0.704 0.704 0.698 0.716 0.718 0.718 0.714 0.716 0.71 0.712 0.718 0.698 0.724 0.706 0.718 0.716 0.718 0.7 0.732 0.716 0.724 0.72 0.708 0.702 0.714 0.724 0.714 0.714 0.712 0.72 0.714 0.718 0.714 0.708 0.724 0.726 0.712 0.724 0.712 0.712 0.712 0.722 0.67 0.698 0.692 0.704 0.682 0.694 
====================grad_scale
0 0.104 0.126 0.094 0.094 0.094 0.072 0.094 0.114 0.114 0.114 0.114 0.182 0.276 0.284 0.46 0.438 0.536 0.496 0.546 0.53 0.546 0.576 0.582 0.596 0.638 0.64 0.646 0.65 0.65 0.662 0.648 0.654 0.66 0.656 0.614 0.668 0.66 0.648 0.664 0.692 0.652 0.67 0.688 0.702 0.712 0.716 0.706 0.706 0.714 0.716 0.72 0.71 0.718 0.704 0.72 0.726 0.726 0.724 0.722 0.722 0.718 0.724 0.728 0.724 0.724 0.714 0.718 0.722 0.73 0.724 0.724 0.72 0.714 0.714 0.73 0.734 0.714 0.712 0.738 0.734 0.72 0.722 0.732 0.742 0.728 0.738 0.72 0.712 0.72 0.744 0.746 0.738 0.728 0.726 0.732 0.738 0.748 0.748 0.756 0.754 0.742 0.728 0.734 0.746 0.718 0.734 0.744 0.74 0.74 0.73 0.748 0.744 0.732 0.678 0.724 0.626 0.716 0.674 0.644 0.7 
====================grad_scale
0 0.094 0.094 0.094 0.094 0.094 0.094 0.094 0.094 0.094 0.094 0.094 0.094 0.172 0.246 0.408 0.396 0.458 0.482 0.442 0.51 0.538 0.522 0.564 0.55 0.556 0.592 0.62 0.6 0.624 0.566 0.62 0.578 0.612 0.632 0.52 0.646 0.644 0.666 0.638 0.596 0.616 0.626 0.632 0.652 0.638 0.63 0.644 0.658 0.644 0.644 0.644 0.646 0.642 0.648 0.646 0.646 0.644 0.644 0.644 0.642 0.652 0.654 0.65 0.644 0.644 0.648 0.66 0.652 0.648 0.642 0.636 0.646 0.664 0.652 0.632 0.65 0.66 0.65 0.648 0.64 0.648 0.658 0.662 0.63 0.656 0.646 0.652 0.668 0.656 0.644 0.65 0.662 0.668 0.666 0.656 0.64 0.644 0.66 0.65 0.638 0.652 0.664 0.642 0.658 0.68 0.638 0.646 0.66 0.64 0.66 0.64 0.64 0.654 0.71 0.578 0.672 0.678 0.698 0.644 0.664 
====================label_inverse
0 0.098 0.098 0.098 0.098 0.098 0.098 0.106 0.106 0.098 0.098 0.098 0.098 0.106 0.106 0.098 0.096 0.102 0.102 0.096 0.096 0.096 0.096 0.096 0.074 0.1 0.1 0.1 0.1 0.1 0.1 0.1 0.1 0.1 0.1 0.104 0.08 0.164 0.096 0.178 0.238 0.16 0.148 0.17 0.112 0.088 0.162 0.184 0.16 0.182 0.198 0.088 0.156 0.166 0.132 0.152 0.172 0.1 0.088 0.1 0.12 0.166 0.1 0.12 0.11 0.098 0.1 0.1 0.118 0.1 0.104 0.1 0.102 0.1 0.1 0.1 0.118 0.1 0.106 0.098 0.098 0.098 0.1 0.264 0.114 0.23 0.14 0.214 0.086 0.08 0.164 0.15 0.112 0.342 0.192 0.16 0.19 0.188 0.088 0.088 0.088 0.088 0.088 0.17 0.088 0.088 0.09 0.16 0.088 0.222 0.236 0.114 0.102 0.116 0.088 0.198 0.18 0.102 0.13 0.148 0.19 
====================label_inverse
0 0.092 0.092 0.092 0.092 0.092 0.092 0.092 0.092 0.092 0.116 0.092 0.092 0.092 0.092 0.132 0.184 0.184 0.188 0.216 0.296 0.272 0.276 0.318 0.32 0.322 0.42 0.39 0.486 0.5 0.488 0.498 0.556 0.542 0.536 0.518 0.572 0.584 0.564 0.568 0.612 0.596 0.61 0.618 0.586 0.64 0.614 0.556 0.634 0.652 0.63 0.638 0.688 0.67 0.632 0.636 0.638 0.612 0.676 0.686 0.678 0.658 0.66 0.674 0.676 0.702 0.704 0.704 0.694 0.69 0.718 0.7 0.696 0.682 0.718 0.696 0.714 0.71 0.728 0.724 0.706 0.718 0.712 0.71 0.728 0.722 0.732 0.742 0.728 0.72 0.75 0.744 0.74 0.736 0.732 0.75 0.732 0.748 0.748 0.75 0.754 0.746 0.754 0.762 0.756 0.764 0.746 0.754 0.75 0.734 0.742 0.744 0.756 0.768 0.738 0.738 0.77 0.75 0.754 0.764 0.758 
====================label_inverse
0 0.094 0.08 0.094 0.094 0.094 0.094 0.094 0.094 0.094 0.094 0.08 0.08 0.08 0.094 0.13 0.114 0.182 0.224 0.246 0.25 0.262 0.29 0.236 0.25 0.28 0.402 0.344 0.452 0.564 0.518 0.536 0.544 0.51 0.538 0.538 0.576 0.592 0.61 0.618 0.678 0.664 0.648 0.692 0.634 0.7 0.702 0.64 0.704 0.7 0.694 0.648 0.704 0.654 0.678 0.7 0.668 0.68 0.696 0.708 0.7 0.702 0.668 0.696 0.716 0.704 0.71 0.712 0.66 0.69 0.718 0.704 0.714 0.682 0.726 0.684 0.738 0.726 0.734 0.728 0.734 0.726 0.728 0.704 0.738 0.74 0.728 0.722 0.706 0.69 0.734 0.7 0.75 0.73 0.71 0.726 0.714 0.762 0.752 0.744 0.75 0.744 0.754 0.784 0.762 0.77 0.766 0.764 0.768 0.76 0.768 0.77 0.77 0.782 0.77 0.78 0.792 0.758 0.766 0.778 0.79 
====================label_inverse
0 0.1 0.1 0.1 0.1 0.1 0.1 0.1 0.1 0.1 0.1 0.1 0.1 0.1 0.1 0.1 0.1 0.1 0.1 0.1 0.1 0.1 0.1 0.1 0.1 0.1 0.102 0.1 0.1 0.1 0.1 0.1 0.1 0.1 0.1 0.1 0.1 0.1 0.1 0.1 0.1 0.1 0.1 0.1 0.1 0.1 0.1 0.1 0.1 0.1 0.1 0.1 0.1 0.1 0.1 0.1 0.1 0.1 0.1 0.1 0.1 0.1 0.1 0.1 0.1 0.1 0.1 0.1 0.1 0.1 0.1 0.1 0.1 0.1 0.1 0.1 0.1 0.1 0.1 0.1 0.1 0.1 0.1 0.1 0.1 0.1 0.1 0.1 0.1 0.1 0.1 0.1 0.1 0.1 0.1 0.1 0.1 0.1 0.1 0.1 0.1 0.1 0.1 0.1 0.14 0.15 0.1 0.1 0.1 0.1 0.1 0.1 0.1 0.1 0.1 0.1 0.1 0.1 0.1 0.1 0.1 
====================label_inverse
0 0.086 0.086 0.086 0.086 0.086 0.086 0.086 0.086 0.088 0.088 0.086 0.086 0.082 0.082 0.082 0.154 0.19 0.22 0.25 0.268 0.284 0.282 0.286 0.284 0.286 0.338 0.44 0.474 0.452 0.466 0.522 0.554 0.58 0.586 0.556 0.602 0.58 0.624 0.61 0.594 0.658 0.61 0.64 0.61 0.634 0.626 0.618 0.652 0.71 0.696 0.666 0.718 0.674 0.66 0.678 0.67 0.676 0.694 0.726 0.694 0.68 0.67 0.676 0.72 0.73 0.74 0.732 0.702 0.68 0.722 0.752 0.7 0.704 0.722 0.698 0.738 0.75 0.746 0.74 0.754 0.756 0.726 0.702 0.77 0.77 0.77 0.738 0.728 0.738 0.748 0.768 0.766 0.746 0.754 0.718 0.75 0.75 0.766 0.74 0.744 0.746 0.784 0.776 0.754 0.764 0.758 0.782 0.756 0.77 0.776 0.784 0.778 0.772 0.786 0.766 0.776 0.758 0.762 0.774 0.794 
====================label_inverse
0 0.09 0.116 0.086 0.088 0.088 0.122 0.088 0.088 0.088 0.108 0.108 0.134 0.086 0.088 0.214 0.204 0.182 0.198 0.222 0.226 0.222 0.29 0.306 0.34 0.342 0.4 0.388 0.48 0.478 0.558 0.564 0.588 0.578 0.622 0.64 0.64 0.622 0.638 0.634 0.64 0.658 0.668 0.672 0.668 0.684 0.674 0.692 0.686 0.664 0.708 0.728 0.716 0.726 0.73 0.726 0.718 0.722 0.714 0.722 0.72 0.74 0.746 0.732 0.726 0.728 0.746 0.74 0.75 0.748 0.746 0.752 0.748 0.76 0.75 0.752 0.756 0.764 0.754 0.74 0.754 0.752 0.76 0.742 0.756 0.762 0.756 0.744 0.752 0.76 0.758 0.744 0.754 0.746 0.752 0.748 0.75 0.75 0.778 0.758 0.754 0.772 0.748 0.768 0.768 0.77 0.762 0.778 0.776 0.798 0.772 0.772 0.758 0.774 0.77 0.796 0.77 0.794 0.782 0.762 0.766 
====================label_inverse
0 0.104 0.092 0.088 0.092 0.122 0.094 0.126 0.088 0.092 0.092 0.098 0.112 0.094 0.094 0.102 0.18 0.202 0.218 0.248 0.214 0.24 0.278 0.298 0.336 0.35 0.376 0.472 0.506 0.47 0.528 0.54 0.584 0.6 0.614 0.614 0.624 0.652 0.62 0.628 0.612 0.676 0.682 0.676 0.662 0.686 0.686 0.678 0.674 0.696 0.696 0.722 0.706 0.71 0.716 0.704 0.732 0.686 0.708 0.714 0.73 0.736 0.724 0.728 0.736 0.69 0.742 0.714 0.744 0.742 0.73 0.752 0.732 0.748 0.722 0.762 0.726 0.764 0.738 0.738 0.744 0.75 0.752 0.724 0.746 0.77 0.742 0.724 0.74 0.75 0.744 0.754 0.76 0.738 0.752 0.734 0.742 0.74 0.756 0.75 0.734 0.758 0.772 0.77 0.768 0.77 0.764 0.774 0.77 0.772 0.772 0.778 0.77 0.766 0.79 0.77 0.774 0.76 0.764 0.776 0.776 
====================label_inverse
0 0.1 0.1 0.1 0.1 0.1 0.1 0.1 0.1 0.1 0.124 0.1 0.1 0.18 0.132 0.184 0.2 0.188 0.246 0.252 0.274 0.292 0.298 0.304 0.32 0.312 0.364 0.52 0.538 0.506 0.522 0.546 0.536 0.572 0.606 0.628 0.62 0.61 0.614 0.624 0.632 0.658 0.66 0.654 0.652 0.688 0.664 0.674 0.678 0.686 0.696 0.722 0.7 0.688 0.722 0.742 0.692 0.706 0.714 0.724 0.72 0.714 0.724 0.71 0.714 0.708 0.752 0.748 0.724 0.718 0.752 0.722 0.772 0.758 0.76 0.738 0.762 0.764 0.75 0.75 0.75 0.772 0.768 0.768 0.75 0.756 0.782 0.78 0.76 0.766 0.788 0.738 0.784 0.772 0.764 0.806 0.764 0.788 0.804 0.776 0.78 0.766 0.77 0.77 0.804 0.808 0.782 0.802 0.822 0.784 0.814 0.806 0.8 0.828 0.786 0.818 0.82 0.792 0.796 0.818 0.8 
====================label_inverse
0 0.104 0.09 0.114 0.114 0.114 0.098 0.114 0.114 0.114 0.114 0.114 0.114 0.114 0.114 0.186 0.176 0.226 0.212 0.224 0.228 0.23 0.258 0.27 0.216 0.27 0.326 0.388 0.446 0.392 0.368 0.46 0.438 0.436 0.46 0.482 0.466 0.448 0.552 0.57 0.502 0.5 0.452 0.538 0.558 0.54 0.572 0.602 0.544 0.52 0.526 0.564 0.554 0.588 0.63 0.578 0.61 0.65 0.642 0.618 0.576 0.596 0.66 0.662 0.592 0.576 0.62 0.632 0.67 0.694 0.68 0.62 0.638 0.616 0.614 0.674 0.698 0.656 0.696 0.684 0.696 0.668 0.682 0.722 0.676 0.682 0.692 0.722 0.71 0.728 0.716 0.666 0.714 0.722 0.73 0.742 0.724 0.716 0.706 0.74 0.736 0.736 0.72 0.698 0.744 0.732 0.728 0.736 0.74 0.72 0.726 0.732 0.738 0.726 0.714 0.724 0.72 0.742 0.732 0.748 0.716 
====================label_inverse
0 0.1 0.104 0.1 0.1 0.1 0.1 0.1 0.1 0.1 0.1 0.1 0.1 0.1 0.1 0.1 0.1 0.142 0.24 0.248 0.226 0.246 0.306 0.296 0.31 0.298 0.368 0.45 0.554 0.5 0.536 0.554 0.562 0.558 0.616 0.632 0.604 0.606 0.61 0.636 0.616 0.662 0.646 0.644 0.65 0.67 0.656 0.66 0.676 0.662 0.664 0.708 0.714 0.726 0.708 0.708 0.668 0.712 0.706 0.732 0.7 0.714 0.726 0.716 0.72 0.73 0.726 0.75 0.712 0.748 0.748 0.712 0.742 0.76 0.76 0.756 0.764 0.756 0.752 0.742 0.76 0.752 0.766 0.778 0.758 0.768 0.762 0.772 0.776 0.77 0.78 0.746 0.768 0.778 0.756 0.788 0.772 0.768 0.79 0.778 0.78 0.768 0.76 0.788 0.782 0.786 0.78 0.782 0.788 0.768 0.79 0.788 0.79 0.79 0.778 0.774 0.792 0.798 0.792 0.778 0.788 
====================label_inverse
0 0.106 0.122 0.096 0.096 0.122 0.122 0.124 0.218 0.228 0.278 0.228 0.314 0.286 0.37 0.448 0.418 0.474 0.504 0.542 0.578 0.598 0.554 0.612 0.606 0.612 0.636 0.638 0.642 0.69 0.634 0.67 0.706 0.7 0.73 0.722 0.716 0.74 0.734 0.746 0.744 0.76 0.748 0.746 0.752 0.754 0.754 0.76 0.766 0.766 0.778 0.774 0.772 0.782 0.78 0.79 0.774 0.766 0.768 0.788 0.782 0.774 0.774 0.792 0.774 0.78 0.764 0.762 0.79 0.774 0.794 0.782 0.764 0.802 0.78 0.794 0.79 0.784 0.792 0.786 0.768 0.784 0.78 0.796 0.786 0.776 0.772 0.79 0.774 0.774 0.796 0.79 0.78 0.774 0.792 0.778 0.758 0.8 0.792 0.8 0.792 0.776 0.796 0.808 0.798 0.806 0.798 0.768 0.79 0.786 0.792 0.782 0.784 0.78 0.788 0.788 0.804 0.798 0.814 0.812 0.796 
====================label_inverse
0 0.084 0.084 0.124 0.084 0.084 0.084 0.084 0.084 0.084 0.084 0.084 0.084 0.084 0.18 0.124 0.192 0.084 0.162 0.09 0.084 0.084 0.084 0.084 0.084 0.084 0.084 0.084 0.084 0.084 0.084 0.084 0.084 0.084 0.084 0.084 0.084 0.084 0.084 0.084 0.086 0.09 0.086 0.086 0.086 0.084 0.09 0.098 0.084 0.144 0.11 0.17 0.166 0.114 0.158 0.182 0.166 0.162 0.202 0.19 0.196 0.204 0.182 0.194 0.158 0.182 0.192 0.16 0.168 0.166 0.194 0.152 0.15 0.144 0.152 0.138 0.124 0.128 0.124 0.124 0.124 0.124 0.124 0.15 0.128 0.124 0.124 0.124 0.124 0.124 0.124 0.124 0.124 0.124 0.124 0.124 0.124 0.124 0.124 0.124 0.124 0.124 0.124 0.124 0.124 0.124 0.124 0.124 0.124 0.124 0.124 0.124 0.124 0.124 0.124 0.124 0.124 0.124 0.124 0.124 0.124 
====================label_inverse
0 0.094 0.104 0.1 0.1 0.094 0.094 0.1 0.154 0.232 0.242 0.252 0.31 0.33 0.376 0.418 0.428 0.426 0.43 0.458 0.48 0.526 0.536 0.59 0.582 0.612 0.606 0.608 0.684 0.62 0.684 0.668 0.694 0.698 0.694 0.712 0.736 0.728 0.732 0.718 0.734 0.75 0.746 0.748 0.762 0.748 0.754 0.756 0.762 0.784 0.762 0.772 0.756 0.774 0.784 0.768 0.76 0.772 0.774 0.784 0.794 0.792 0.798 0.802 0.796 0.794 0.798 0.804 0.802 0.804 0.814 0.81 0.808 0.808 0.796 0.79 0.786 0.798 0.798 0.81 0.818 0.81 0.824 0.81 0.808 0.824 0.816 0.808 0.804 0.808 0.798 0.798 0.822 0.83 0.81 0.824 0.818 0.812 0.806 0.804 0.824 0.826 0.826 0.822 0.824 0.808 0.828 0.796 0.824 0.838 0.812 0.816 0.836 0.832 0.844 0.83 0.836 0.826 0.82 0.83 0.83 
====================label_inverse
0 0.1 0.102 0.102 0.098 0.1 0.1 0.1 0.1 0.192 0.236 0.328 0.338 0.36 0.422 0.442 0.432 0.44 0.534 0.554 0.58 0.588 0.606 0.614 0.618 0.61 0.626 0.644 0.632 0.636 0.654 0.672 0.678 0.668 0.676 0.69 0.702 0.694 0.708 0.706 0.71 0.718 0.712 0.718 0.716 0.716 0.716 0.728 0.722 0.734 0.738 0.732 0.736 0.738 0.746 0.738 0.75 0.74 0.742 0.748 0.754 0.774 0.77 0.77 0.756 0.77 0.746 0.756 0.778 0.768 0.768 0.774 0.768 0.778 0.774 0.782 0.768 0.778 0.776 0.784 0.77 0.778 0.782 0.794 0.786 0.788 0.802 0.784 0.794 0.79 0.802 0.788 0.79 0.772 0.806 0.796 0.796 0.788 0.796 0.794 0.794 0.806 0.808 0.794 0.802 0.802 0.808 0.788 0.806 0.8 0.798 0.828 0.812 0.818 0.812 0.82 0.816 0.828 0.808 0.816 0.812 
====================label_inverse
0 0.092 0.092 0.092 0.092 0.092 0.092 0.092 0.092 0.092 0.092 0.092 0.092 0.092 0.092 0.092 0.092 0.092 0.092 0.092 0.092 0.092 0.092 0.092 0.092 0.092 0.092 0.092 0.092 0.092 0.092 0.092 0.092 0.092 0.092 0.092 0.092 0.092 0.092 0.092 0.092 0.092 0.092 0.092 0.092 0.092 0.092 0.092 0.092 0.092 0.092 0.092 0.092 0.092 0.092 0.092 0.092 0.092 0.092 0.092 0.092 0.092 0.092 0.092 0.092 0.092 0.092 0.092 0.092 0.092 0.092 0.092 0.092 0.092 0.092 0.092 0.092 0.092 0.092 0.092 0.092 0.092 0.092 0.092 0.092 0.092 0.092 0.092 0.092 0.092 0.092 0.092 0.092 0.092 0.092 0.092 0.092 0.092 0.092 0.092 0.092 0.092 0.092 0.092 0.092 0.092 0.092 0.092 0.092 0.092 0.092 0.092 0.092 0.092 0.092 0.092 0.092 0.092 0.092 0.092 0.092 
====================label_inverse
0 0.096 0.096 0.096 0.096 0.096 0.14 0.086 0.242 0.284 0.282 0.294 0.338 0.338 0.434 0.468 0.528 0.532 0.584 0.6 0.578 0.612 0.63 0.624 0.664 0.652 0.658 0.674 0.662 0.67 0.684 0.688 0.708 0.704 0.702 0.718 0.718 0.722 0.724 0.724 0.73 0.734 0.736 0.736 0.742 0.75 0.748 0.752 0.748 0.74 0.748 0.758 0.758 0.758 0.746 0.766 0.768 0.758 0.76 0.762 0.768 0.762 0.75 0.758 0.754 0.758 0.76 0.75 0.762 0.764 0.768 0.772 0.772 0.772 0.762 0.782 0.782 0.77 0.784 0.77 0.768 0.792 0.772 0.79 0.78 0.78 0.776 0.784 0.784 0.786 0.786 0.794 0.78 0.75 0.802 0.778 0.764 0.81 0.8 0.804 0.798 0.804 0.804 0.816 0.804 0.798 0.808 0.804 0.796 0.79 0.808 0.804 0.808 0.804 0.802 0.812 0.818 0.82 0.816 0.834 0.806 
====================label_inverse
0 0.092 0.092 0.092 0.12 0.092 0.092 0.092 0.092 0.178 0.218 0.242 0.282 0.308 0.368 0.434 0.454 0.436 0.516 0.564 0.562 0.586 0.632 0.61 0.63 0.634 0.67 0.63 0.662 0.636 0.684 0.658 0.676 0.694 0.698 0.7 0.708 0.696 0.722 0.726 0.716 0.734 0.736 0.748 0.754 0.744 0.748 0.754 0.744 0.736 0.762 0.77 0.756 0.77 0.774 0.748 0.752 0.764 0.768 0.752 0.78 0.77 0.78 0.774 0.784 0.762 0.8 0.772 0.776 0.792 0.778 0.79 0.796 0.78 0.792 0.802 0.796 0.778 0.772 0.788 0.804 0.806 0.792 0.772 0.78 0.792 0.782 0.77 0.804 0.796 0.764 0.746 0.804 0.796 0.802 0.76 0.79 0.8 0.792 0.78 0.758 0.792 0.8 0.772 0.804 0.772 0.792 0.758 0.804 0.79 0.76 0.776 0.802 0.772 0.766 0.794 0.798 0.776 0.766 0.788 0.822 
====================label_inverse
0 0.098 0.098 0.098 0.098 0.098 0.098 0.098 0.098 0.098 0.08 0.08 0.08 0.08 0.178 0.124 0.166 0.13 0.098 0.098 0.138 0.178 0.154 0.108 0.146 0.166 0.16 0.166 0.168 0.166 0.152 0.166 0.152 0.14 0.154 0.166 0.166 0.176 0.164 0.142 0.166 0.166 0.148 0.17 0.166 0.148 0.17 0.17 0.138 0.162 0.17 0.154 0.158 0.146 0.174 0.162 0.154 0.162 0.154 0.142 0.114 0.126 0.142 0.142 0.142 0.138 0.152 0.102 0.114 0.114 0.08 0.082 0.114 0.08 0.112 0.104 0.132 0.126 0.086 0.084 0.126 0.128 0.094 0.096 0.096 0.096 0.08 0.084 0.164 0.08 0.08 0.08 0.172 0.08 0.114 0.138 0.156 0.152 0.174 0.178 0.13 0.152 0.158 0.148 0.176 0.174 0.146 0.158 0.156 0.13 0.088 0.08 0.09 0.164 0.148 0.148 0.112 0.134 0.106 0.156 0.15 
====================label_inverse
0 0.1 0.1 0.1 0.1 0.1 0.1 0.1 0.1 0.204 0.204 0.224 0.316 0.338 0.408 0.432 0.458 0.44 0.526 0.57 0.582 0.594 0.614 0.602 0.618 0.644 0.636 0.632 0.666 0.654 0.692 0.678 0.672 0.702 0.676 0.668 0.7 0.68 0.702 0.694 0.686 0.704 0.714 0.72 0.716 0.722 0.726 0.718 0.74 0.732 0.732 0.74 0.736 0.752 0.752 0.756 0.748 0.752 0.75 0.762 0.766 0.768 0.782 0.784 0.782 0.784 0.768 0.8 0.794 0.774 0.794 0.8 0.802 0.806 0.798 0.786 0.79 0.79 0.792 0.806 0.798 0.806 0.8 0.808 0.818 0.818 0.812 0.798 0.806 0.808 0.824 0.796 0.81 0.792 0.82 0.82 0.8 0.82 0.818 0.806 0.824 0.816 0.812 0.822 0.808 0.814 0.824 0.816 0.81 0.812 0.814 0.822 0.806 0.814 0.82 0.82 0.812 0.816 0.818 0.818 0.808 
====================label_inverse
0 0.088 0.114 0.114 0.088 0.088 0.114 0.088 0.088 0.088 0.088 0.088 0.094 0.088 0.088 0.088 0.088 0.088 0.088 0.088 0.088 0.088 0.088 0.088 0.088 0.088 0.088 0.088 0.088 0.088 0.088 0.088 0.088 0.088 0.088 0.088 0.088 0.088 0.088 0.088 0.088 0.088 0.088 0.088 0.088 0.088 0.088 0.088 0.088 0.13 0.088 0.102 0.088 0.088 0.088 0.088 0.134 0.088 0.136 0.088 0.198 0.202 0.202 0.202 0.202 0.132 0.194 0.202 0.202 0.202 0.202 0.202 0.196 0.202 0.202 0.2 0.2 0.202 0.166 0.188 0.202 0.088 0.202 0.202 0.2 0.202 0.202 0.178 0.184 0.162 0.172 0.166 0.202 0.184 0.206 0.202 0.214 0.182 0.172 0.194 0.116 0.166 0.15 0.198 0.176 0.202 0.134 0.202 0.176 0.202 0.184 0.2 0.224 0.28 0.27 0.206 0.23 0.22 0.266 0.232 0.23 
====================label_inverse
0 0.132 0.132 0.132 0.132 0.132 0.132 0.132 0.132 0.132 0.132 0.132 0.132 0.132 0.132 0.132 0.132 0.132 0.132 0.132 0.132 0.132 0.132 0.132 0.132 0.132 0.132 0.132 0.132 0.132 0.132 0.132 0.132 0.132 0.132 0.132 0.132 0.132 0.132 0.132 0.132 0.132 0.132 0.132 0.132 0.132 0.132 0.132 0.132 0.132 0.132 0.132 0.132 0.132 0.132 0.132 0.132 0.132 0.132 0.132 0.132 0.132 0.132 0.12 0.026 0.016 0.036 0.016 0.014 0.01 0.01 0.008 0.006 0.006 0.006 0.014 0.014 0.006 0.006 0.006 0.006 0.008 0.012 0.006 0.016 0.008 0.004 0.004 0.002 0.002 0.0 0.0 0.002 0.0 0.002 0.002 0.002 0.002 0.002 0.002 0.0 0.0 0.004 0.004 0.004 0.002 0.002 0.002 0.002 0.002 0.002 0.002 0.002 0.002 0.002 0.0 0.0 0.0 0.0 0.0 0.0 
====================label_inverse
0 0.104 0.104 0.104 0.098 0.1 0.104 0.098 0.148 0.232 0.246 0.282 0.294 0.478 0.54 0.524 0.54 0.542 0.294 0.496 0.428 0.262 0.496 0.508 0.546 0.532 0.532 0.542 0.582 0.572 0.556 0.568 0.554 0.552 0.534 0.53 0.55 0.504 0.488 0.48 0.208 0.544 0.494 0.456 0.368 0.402 0.376 0.364 0.312 0.404 0.554 0.56 0.564 0.49 0.516 0.522 0.514 0.482 0.456 0.546 0.552 0.566 0.452 0.548 0.49 0.448 0.318 0.332 0.414 0.38 0.396 0.458 0.506 0.39 0.308 0.426 0.414 0.376 0.516 0.556 0.538 0.554 0.546 0.538 0.556 0.558 0.546 0.542 0.564 0.528 0.556 0.554 0.548 0.568 0.584 0.592 0.61 0.598 0.616 0.608 0.468 0.574 0.574 0.586 0.622 0.636 0.652 0.658 0.69 0.684 0.682 0.69 0.68 0.69 0.688 0.696 0.696 0.706 0.692 0.7 0.71 
====================label_inverse
0 0.098 0.098 0.098 0.098 0.098 0.098 0.098 0.098 0.098 0.098 0.098 0.098 0.098 0.098 0.098 0.098 0.098 0.09 0.086 0.072 0.072 0.126 0.146 0.072 0.072 0.072 0.072 0.072 0.074 0.08 0.072 0.072 0.072 0.072 0.072 0.072 0.108 0.104 0.104 0.072 0.144 0.086 0.096 0.096 0.098 0.114 0.086 0.086 0.086 0.104 0.088 0.098 0.098 0.096 0.104 0.1 0.084 0.096 0.066 0.084 0.092 0.06 0.056 0.074 0.088 0.092 0.09 0.088 0.088 0.088 0.088 0.086 0.078 0.036 0.046 0.086 0.086 0.088 0.088 0.086 0.086 0.084 0.086 0.084 0.086 0.046 0.084 0.03 0.054 0.03 0.044 0.054 0.044 0.046 0.072 0.068 0.066 0.076 0.078 0.07 0.046 0.09 0.102 0.102 0.1 0.1 0.098 0.1 0.098 0.096 0.09 0.09 0.088 0.092 0.084 0.078 0.08 0.082 0.08 0.08 
====================label_inverse
0 0.106 0.106 0.106 0.106 0.106 0.106 0.106 0.106 0.106 0.106 0.106 0.106 0.106 0.106 0.106 0.106 0.106 0.106 0.106 0.106 0.106 0.106 0.106 0.106 0.106 0.106 0.106 0.106 0.106 0.106 0.106 0.106 0.106 0.106 0.106 0.106 0.106 0.106 0.106 0.106 0.106 0.106 0.106 0.106 0.106 0.106 0.106 0.106 0.106 0.106 0.106 0.106 0.106 0.106 0.106 0.106 0.106 0.106 0.106 0.106 0.106 0.106 0.106 0.106 0.106 0.106 0.106 0.106 0.106 0.106 0.106 0.104 0.106 0.104 0.106 0.106 0.104 0.106 0.106 0.106 0.106 0.106 0.106 0.104 0.104 0.106 0.106 0.106 0.106 0.104 0.106 0.106 0.106 0.104 0.106 0.106 0.108 0.106 0.108 0.104 0.098 0.106 0.106 0.106 0.106 0.106 0.106 0.106 0.106 0.106 0.106 0.106 0.106 0.106 0.106 0.106 0.106 0.108 0.106 0.106 
====================label_inverse
0 0.08 0.08 0.08 0.12 0.12 0.12 0.12 0.12 0.12 0.12 0.12 0.12 0.12 0.12 0.08 0.08 0.08 0.08 0.08 0.08 0.08 0.08 0.08 0.08 0.08 0.08 0.08 0.08 0.08 0.08 0.08 0.08 0.08 0.08 0.08 0.08 0.08 0.08 0.08 0.08 0.08 0.08 0.08 0.178 0.08 0.08 0.08 0.08 0.08 0.08 0.08 0.08 0.08 0.08 0.08 0.08 0.08 0.08 0.08 0.08 0.08 0.08 0.024 0.008 0.004 0.022 0.008 0.006 0.006 0.008 0.006 0.004 0.004 0.004 0.008 0.01 0.004 0.004 0.004 0.004 0.004 0.004 0.004 0.004 0.002 0.002 0.002 0.006 0.004 0.002 0.002 0.006 0.002 0.002 0.002 0.002 0.002 0.002 0.002 0.002 0.004 0.006 0.006 0.006 0.006 0.006 0.006 0.006 0.006 0.006 0.006 0.006 0.006 0.006 0.006 0.006 0.006 0.006 0.006 0.006 
====================label_inverse
0 0.116 0.116 0.116 0.116 0.116 0.116 0.116 0.116 0.116 0.116 0.116 0.116 0.116 0.116 0.116 0.116 0.116 0.116 0.12 0.126 0.092 0.232 0.116 0.116 0.19 0.214 0.116 0.116 0.116 0.116 0.116 0.116 0.116 0.116 0.116 0.116 0.116 0.116 0.116 0.116 0.092 0.168 0.116 0.116 0.116 0.116 0.11 0.108 0.062 0.116 0.1 0.098 0.098 0.046 0.082 0.082 0.082 0.058 0.04 0.04 0.062 0.06 0.036 0.032 0.032 0.02 0.048 0.08 0.032 0.01 0.01 0.04 0.056 0.022 0.018 0.016 0.072 0.02 0.03 0.038 0.026 0.02 0.012 0.008 0.024 0.044 0.02 0.01 0.012 0.004 0.002 0.018 0.01 0.012 0.018 0.024 0.02 0.02 0.026 0.006 0.006 0.006 0.044 0.03 0.018 0.032 0.054 0.054 0.05 0.042 0.04 0.028 0.032 0.04 0.02 0.018 0.024 0.022 0.024 0.032 
====================label_inverse
0 0.116 0.116 0.116 0.116 0.116 0.116 0.116 0.116 0.116 0.098 0.17 0.164 0.116 0.166 0.116 0.116 0.116 0.116 0.116 0.096 0.16 0.094 0.208 0.116 0.118 0.29 0.268 0.146 0.116 0.116 0.116 0.116 0.116 0.116 0.12 0.142 0.116 0.116 0.116 0.098 0.116 0.116 0.084 0.082 0.116 0.116 0.116 0.116 0.116 0.116 0.112 0.092 0.082 0.074 0.11 0.116 0.116 0.094 0.11 0.114 0.116 0.106 0.102 0.114 0.112 0.11 0.112 0.116 0.116 0.116 0.116 0.116 0.118 0.054 0.116 0.116 0.118 0.058 0.092 0.118 0.116 0.084 0.032 0.026 0.018 0.052 0.018 0.016 0.01 0.016 0.012 0.012 0.01 0.012 0.012 0.012 0.012 0.016 0.012 0.016 0.022 0.01 0.004 0.008 0.008 0.008 0.012 0.01 0.008 0.014 0.012 0.014 0.014 0.014 0.018 0.016 0.008 0.01 0.01 0.01 
====================label_inverse
0 0.092 0.092 0.092 0.092 0.092 0.092 0.092 0.092 0.092 0.092 0.092 0.092 0.092 0.092 0.092 0.092 0.092 0.096 0.094 0.18 0.104 0.108 0.094 0.188 0.104 0.104 0.104 0.12 0.158 0.19 0.118 0.108 0.092 0.098 0.094 0.094 0.094 0.098 0.098 0.092 0.094 0.094 0.088 0.092 0.122 0.098 0.184 0.154 0.094 0.094 0.192 0.124 0.098 0.1 0.098 0.098 0.098 0.116 0.102 0.098 0.1 0.038 0.026 0.006 0.014 0.022 0.004 0.064 0.01 0.002 0.0 0.002 0.002 0.002 0.002 0.002 0.002 0.01 0.016 0.014 0.004 0.0 0.0 0.0 0.0 0.008 0.0 0.0 0.006 0.0 0.0 0.004 0.004 0.002 0.006 0.006 0.006 0.008 0.008 0.002 0.002 0.004 0.028 0.034 0.03 0.032 0.034 0.032 0.032 0.028 0.022 0.016 0.012 0.016 0.008 0.004 0.006 0.006 0.004 0.006 
====================label_inverse
0 0.124 0.124 0.124 0.124 0.124 0.124 0.124 0.124 0.124 0.124 0.124 0.124 0.124 0.124 0.124 0.124 0.124 0.124 0.124 0.124 0.124 0.124 0.124 0.124 0.124 0.124 0.124 0.124 0.124 0.124 0.124 0.124 0.124 0.124 0.124 0.124 0.124 0.124 0.124 0.124 0.124 0.124 0.124 0.124 0.124 0.124 0.124 0.124 0.124 0.124 0.124 0.124 0.124 0.124 0.124 0.124 0.124 0.124 0.124 0.124 0.124 0.124 0.124 0.11 0.112 0.126 0.118 0.082 0.08 0.084 0.08 0.078 0.078 0.08 0.02 0.108 0.078 0.078 0.078 0.078 0.08 0.078 0.08 0.082 0.08 0.082 0.082 0.082 0.028 0.056 0.056 0.044 0.046 0.036 0.026 0.032 0.026 0.026 0.018 0.008 0.012 0.018 0.056 0.032 0.03 0.03 0.032 0.032 0.03 0.028 0.022 0.02 0.02 0.02 0.014 0.016 0.014 0.018 0.02 0.014 
====================label_inverse
0 0.072 0.072 0.072 0.1 0.072 0.072 0.072 0.072 0.072 0.072 0.072 0.072 0.072 0.072 0.072 0.072 0.072 0.072 0.072 0.072 0.072 0.072 0.072 0.072 0.072 0.072 0.072 0.072 0.072 0.1 0.1 0.072 0.072 0.072 0.072 0.072 0.072 0.072 0.072 0.072 0.108 0.128 0.1 0.1 0.078 0.176 0.178 0.072 0.16 0.08 0.036 0.072 0.072 0.072 0.082 0.074 0.082 0.084 0.078 0.08 0.064 0.066 0.024 0.022 0.064 0.066 0.06 0.03 0.026 0.01 0.008 0.014 0.014 0.01 0.006 0.004 0.026 0.038 0.034 0.032 0.022 0.026 0.022 0.022 0.022 0.016 0.02 0.016 0.018 0.026 0.02 0.01 0.024 0.022 0.016 0.016 0.018 0.018 0.018 0.024 0.032 0.016 0.01 0.018 0.008 0.008 0.008 0.01 0.01 0.012 0.016 0.022 0.02 0.018 0.024 0.024 0.018 0.016 0.016 0.02 
